	///////////////////////////////////
	// Borefield Constants //
	///////////////////////////////////
	parameter Real Kappa_agg_Constants[19, 7] = [
		0.0, -3.39485841030279e-09, 2.66658271527929e-06, -0.0006954261132024562, 9.385418888463027, 256.1240021760504, 73.99082524988302;
		0.0, 2.0326319451297342e-10, -1.4961023486207575e-07, 3.530273033793677e-05, 0.12787937412534306, 8.20843558168444, -3.509054634375122;
		0.0, -6.830268934139454e-10, 4.1459179214178807e-07, -7.563887133501904e-05, 0.6546803036301584, 45.183487732501945, 17.927397116957465;
		0.0, 1.4504965592843964e-11, 4.202538943108637e-09, -3.0144595039815103e-06, 0.21401893997344226, 15.17069232021781, 5.346972008529656;
		0.0, 2.9656784019266032e-12, -1.1410247767078014e-09, -8.273611270122298e-09, 0.04139044922375759, 2.929342029672365, 1.3238557987656028;
		0.0, -2.485914527670039e-11, 1.866805854000868e-08, -6.8077257341924345e-06, 0.8099148144753879, 56.855787309323766, 37.098171990478704;
		0.0, -3.6350266953492767e-10, 2.5756576978258846e-07, -7.040308467856742e-05, 3.349127644750063, 233.2996979277101, 227.59973235804338;
		0.0, -5.905741447083406e-11, 4.294150396657304e-08, -1.1521743245167432e-05, 0.25422542441260904, 17.55316961810893, 26.75943665752741;
		0.0, -2.5112962171658926e-11, 1.8511986454398467e-08, -5.003778457631341e-06, 0.05236825137935249, 3.53427638337696, 8.76943535847412;
		0.0, -1.3926773773189342e-09, 1.0482545631663706e-06, -0.0002911898753799223, 1.6237960422701498, 99.04579594215136, 406.0757884056391;
		0.0, -4.579385099784825e-11, 3.5615663950003e-08, -1.0373663447029086e-05, 0.035951365415509154, 1.8055812999135965, 12.113089498325046;
		0.0, -6.813914177037671e-11, 5.406312350601564e-08, -1.6326222519189272e-05, 0.03578750482325986, 1.4751306963384034, 16.353582831301328;
		0.0, -3.104295114410063e-10, 2.4052795563458606e-07, -7.085886467512372e-05, 0.07920872120831148, 2.721630408592254, 53.45890434529131;
		0.0, -4.1905943670951464e-10, 3.2173988860170884e-07, -9.265425215720043e-05, 0.043410977025572485, 1.132522210821951, 47.42988223593552;
		0.0, -6.709866234108452e-09, 5.333595035922548e-06, -0.0015880256927049135, 0.323533477812587, 3.6137113568385417, 604.2471708754549;
		0.0, -1.4134748059100632e-09, 1.281376024487297e-06, -0.0004410367618758462, 0.05827246608516603, -0.4678630416570506, 177.23122023702422;
		0.0, 9.455863536559273e-08, -6.88870115756947e-05, 0.018582444345327066, -0.5890050666711231, 59.948848963139085, -1872.56867929299;
		0.0, 2.196004613702911e-08, -1.6406151050332532e-05, 0.004477504416488183, -0.11676643885688877, 14.647364664122282, 73.9005560785027;
		0.0, 1.358835921411805e-09, -1.014765792700572e-06, 0.0002650561119168618, -0.0066064915959512666, 1.60879301311866, 129.20476688145703
	];
	parameter Real Gamma_Constants[7] = {0.0, -3.742226313623546e-08, 2.8027015637566577e-05, 0.002411359779695833, 0.584874234156097, 29.8171808231645, -158.28554539248393};
	parameter Real Xi_Ext_Constants[7] = {0.0, -8.27433316209596e-07, 0.0006171994006443336, 0.060835108196420504, 73.7919767070266, 675.341101460391, -727.9277842917921};
	parameter Real Xi_Inj_Constants[7] = {0.0, -8.27433316209596e-07, 0.0006171994006443336, 0.060835108196420504, 73.7919767070266, 675.341101460391, -727.9277842917921};
	parameter Real Kappa_L3_Constants[480, 7] = [
		0.0, -6.4864592034874e-10, 4.803788958285356e-07, -0.00013050257197543425, 6.7805852892731115, 42.15947662735596, 32.79627288996271;
		0.0, -5.0953017608585074e-11, 3.8966797539674495e-08, -1.1072303967841383e-05, 0.04770418993960824, 2.6523200842264814, 14.01216544830538;
		0.0, -9.46067422871999e-11, 7.423988150816744e-08, -2.1915042334418648e-05, 0.0664561971012955, 5.35969897962431, 41.47254943237827;
		0.0, -2.948455189301351e-11, 2.3401999976538905e-08, -7.046704489144791e-06, 0.017105372366189364, 1.7606115300291338, 17.474771582209083;
		0.0, -6.845280546066158e-11, 5.434131858493652e-08, -1.6443646760776115e-05, 0.03301913146801319, 4.093930742675188, 49.213534649959826;
		0.0, -3.1971489349614363e-10, 2.523193858960807e-07, -7.601991808693687e-05, 0.1279505298297395, 18.43202209795868, 259.73887193558494;
		0.0, -1.0043605147201064e-10, 7.871689521133269e-08, -2.3541540203857897e-05, 0.0333411389437969, 5.443007589066759, 88.55235136005813;
		0.0, -3.214527983854282e-10, 2.501052001799511e-07, -7.411802575117619e-05, 0.09017491014572795, 16.343560553960998, 300.2899603471375;
		0.0, -2.7348314676189855e-10, 2.116739896989827e-07, -6.226332687986237e-05, 0.06495731185338688, 12.888768472510598, 267.34136816639295;
		0.0, -4.275656851060207e-13, 3.2949608916262263e-10, -9.625823691090624e-08, 8.855990566637374e-05, 0.01896911025711596, 0.43471246727498025;
		0.0, -3.1948546849606866e-11, 2.4551486397157234e-08, -7.136277988842693e-06, 0.005718335550856627, 1.3098524562816525, 33.56875734129937;
		0.0, -5.3732214813250306e-11, 4.122614377270426e-08, -1.1939637513103675e-05, 0.008573186921802894, 2.0808253304058506, 58.461284405452844;
		0.0, -6.047213170570208e-10, 4.6349923931144277e-07, -0.00013385283271115145, 0.08681797912020726, 22.14508246479427, 679.3112490458035;
		0.0, -3.2260911439107076e-10, 2.472040560203716e-07, -7.125804215325672e-05, 0.041282638287478045, 10.983181829907824, 372.90220507779685;
		0.0, -1.2345106502678567e-10, 9.463537581445637e-08, -2.7256078419433265e-05, 0.014387322864900373, 3.9705235391783154, 147.25095120700007;
		0.0, -2.4674807845517735e-09, 1.8929040792806332e-06, -0.000545029941203645, 0.26812371981489735, 76.47060960655, 3043.0023487070735;
		0.0, -2.7816984338045147e-08, 2.1360637272842778e-05, -0.006150680239165378, 2.7747653656582454, 810.9924268911925, 35288.455680725565;
		0.0, -1.8352492129062328e-10, 1.4112408518592927e-07, -4.066138117209177e-05, 0.016828536743316195, 5.009256753283854, 239.48587154951255;
		0.0, -7.871711437256746e-10, 6.06280366122344e-07, -0.00017486915964222576, 0.06723911574893567, 20.317876276756444, 1058.340800906772;
		0.0, -3.615670781574124e-09, 2.7893494888087577e-06, -0.0008055384973899588, 0.29224604526543607, 89.56439564245217, 5014.5439508769205;
		0.0, -6.127855018589478e-10, 4.735053477626778e-07, -0.00013692538025569472, 0.04727981342954757, 14.670090904702638, 876.2538472243009;
		0.0, -3.0444410021360055e-09, 2.357399503562781e-06, -0.0006829258847547638, 0.22016791498962654, 68.24878535805367, 4474.595414015241;
		0.0, -8.616483241508628e-10, 6.687183214021589e-07, -0.00019413069717703045, 0.05866275697461602, 18.077256292011146, 1302.6369073040105;
		0.0, -1.6952561235756175e-09, 1.3187344566476147e-06, -0.0003836946209900939, 0.10949448309718848, 33.454595736484656, 2638.1951115408915;
		0.0, -6.303273745026135e-10, 4.914394099808137e-07, -0.0001433122958155486, 0.03895731102695597, 11.794964967480253, 1010.1200478434001;
		0.0, -1.0972950087309596e-09, 8.57289167423933e-07, -0.0002505349063764147, 0.06551336106351463, 19.69713711811528, 1810.5645466636488;
		0.0, -1.111748178105861e-09, 8.702530469921347e-07, -0.0002548358480343736, 0.06451591391080962, 19.28244837976505, 1887.4134122193566;
		0.0, -1.433760426778199e-10, 1.1253187387328785e-07, -3.304424871933369e-05, 0.007969663152437745, 2.3177390551346386, 250.27063383692732;
		0.0, -3.118970306990915e-09, 2.455102355522538e-06, -0.0007231378102891423, 0.16621627109336107, 46.64135041236157, 5601.675242205281;
		0.0, -7.953943304810896e-11, 6.279452735500337e-08, -1.855447653722056e-05, 0.00408194157291408, 1.1004286043925686, 147.06748905322058;
		0.0, -9.669367552931688e-09, 7.65615371071367e-06, -0.0022694577569415245, 0.48012088875713105, 123.98568969022544, 18411.17684728602;
		0.0, -1.206349507958839e-09, 9.578913977652977e-07, -0.0002848262272698262, 0.05824209263820216, 14.394929961646225, 2365.1836523205397;
		0.0, -1.2319337175839054e-09, 9.80793857056192e-07, -0.0002924921845044511, 0.05812660010493345, 13.776867292891668, 2485.738529108657;
		0.0, -5.400800610179754e-09, 4.309911991069338e-06, -0.0012886878704964073, 0.2503409722921835, 57.21516435143243, 11203.744099075013;
		0.0, -2.368475532312122e-10, 1.8942761752593256e-07, -5.6781523235089754e-05, 0.010812088036231208, 2.384154634955352, 504.6884346999282;
		0.0, -4.4625153046944793e-10, 3.581123504513958e-07, -0.00010774538807658494, 0.0198663432765742, 4.043166384721386, 979.1172442289703;
		0.0, -4.942253060794259e-10, 3.9806686292515915e-07, -0.0001202527253004192, 0.021476721579814704, 3.96077235992856, 1117.8594729324202;
		0.0, -2.686879346809401e-08, 2.172224188672262e-05, -0.006589428033994959, 1.1429522071573204, 188.41791272826867, 62687.441917257966;
		0.0, -1.148000786396597e-10, 9.316177261014461e-08, -2.8379571847661292e-05, 0.004793949761638827, 0.6959194704039884, 276.3773930137988;
		0.0, -8.416410506248807e-11, 6.85567466373157e-08, -2.097178654194811e-05, 0.0034599013825743078, 0.43511728875519223, 209.0952419368594;
		0.0, -1.1390791204414326e-09, 9.312451259311446e-07, -0.0002860388186127361, 0.046221816520007494, 4.9484208290133065, 2919.4760410808544;
		0.0, -6.996154502051872e-11, 5.739606618835125e-08, -1.7698648349547778e-05, 0.002809432794743328, 0.2514671924869623, 184.8635045889058;
		0.0, -3.274872409135881e-10, 2.6953731130507835e-07, -8.341699310631112e-05, 0.013045260182731533, 0.9597264933644506, 891.1456911077728;
		0.0, -2.789836438761673e-10, 2.302796807917344e-07, -7.150018828286322e-05, 0.011048004365740601, 0.6595978141075901, 780.5929538396465;
		0.0, -3.542277398748296e-09, 2.9311527478543193e-06, -0.0009126784130838081, 0.1397191231818261, 6.729578829172954, 10172.15443410583;
		0.0, -1.5823985838956875e-10, 1.3143309608864807e-07, -4.109629231580493e-05, 0.0061982271085795175, 0.17768035305412738, 468.406199559967;
		0.0, -2.4251163753572343e-10, 2.0238594698377844e-07, -6.361413387550963e-05, 0.00942690744286, 0.03488951979843459, 742.7945665921333;
		0.0, -1.1451217291834538e-09, 9.6029766462377e-07, -0.0003034633891387724, 0.04425838474767976, -0.9396739417622167, 3631.6169784274352;
		0.0, -1.955753167905937e-09, 1.6481938412379258e-06, -0.0005236863629836994, 0.07529167160130014, -3.4577499258760187, 6425.042084314385;
		0.0, -2.598122589531671e-13, 2.255370210882015e-10, -7.392464414042687e-08, 1.1396306945118845e-05, 0.0, 1;
		0.0, -2.285854419719365e-11, 1.9455703653308823e-08, -6.24965446709464e-06, 0.0008773456570795485, -0.08224029641193698, 80.61880369918504;
		0.0, -9.371071095825385e-10, 8.015079060764637e-07, -0.00025885238910722664, 0.03598893798811688, -4.190177624198572, 3423.4142565160682;
		0.0, -6.43245103255817e-10, 5.527885024338658e-07, -0.0001794632368755655, 0.024745712725772247, -3.4161146759128935, 2432.546595579416;
		0.0, -3.050705771149523e-10, 2.6336774957997065e-07, -8.593263053721325e-05, 0.011766773790982498, -1.8638201497791786, 1193.1366835439053;
		0.0, -2.6761168078071443e-09, 2.3202330370779034e-06, -0.0007606409152019133, 0.10355552136830425, -18.360342634607562, 10810.197487418689;
		0.0, -6.392173744274785e-10, 5.564132468417217e-07, -0.00018320774308794847, 0.02482707612610075, -4.829674332420453, 2662.694041443384;
		0.0, -1.7436067498181073e-10, 1.5231492727418202e-07, -5.034954280042195e-05, 0.006798316571502795, -1.427364132255572, 747.4736220459652;
		0.0, -1.4662213301438342e-13, 1.443267865081695e-10, -5.3048707102529616e-08, 9.05515834538663e-06, 0.0, 1;
		0.0, -1.5222044935671253e-09, 1.3382899204842674e-06, -0.0004455347619702847, 0.0598268426718027, -14.22684947512805, 6884.548776889191;
		0.0, -8.533346740837283e-11, 7.546321862527578e-08, -2.5282073629838927e-05, 0.003377722147098146, -0.8835964882385181, 400.83822341372337;
		0.0, -2.0488154154027808e-10, 1.823046729258572e-07, -6.148436439229039e-05, 0.008178206476074748, -2.3374546286808857, 1000.9596208562435;
		0.0, -9.806876389384207e-14, 1.0956823273473351e-10, -4.414176402704554e-08, 8.060850484419612e-06, 0.0, 1;
		0.0, -3.113927152142073e-10, 2.8056674266979667e-07, -9.590590997337012e-05, 0.012676229782881934, -4.216611354735267, 1646.8709262528212;
		0.0, -1.2450642222778873e-09, 1.1288914840569688e-06, -0.0003885005000149143, 0.05124821799288357, -18.19468879146006, 6851.856798826965;
		0.0, -3.402081201343359e-11, 3.1039706913953425e-08, -1.0753759436864418e-05, 0.001416635945404797, -0.5337529431428365, 194.75907598318008;
		0.0, -1.55927690461384e-10, 1.431465466818915e-07, -4.9922034007235295e-05, 0.006571634120493619, -2.613625033581766, 928.217203677961;
		0.0, -4.5075701792070666e-14, 7.149641838716565e-11, -3.4335382426259383e-08, 6.957605943294572e-06, 0.0, 1;
		0.0, -3.6604630064628574e-14, 6.533159400969554e-11, -3.2717596056967154e-08, 6.77041897285297e-06, 0.0, 1;
		0.0, -1.2014243993899987e-10, 1.122654559588211e-07, -3.989828061451575e-05, 0.005256075580508353, -2.3932587950778914, 800.5959213988912;
		0.0, -6.278971947105233e-11, 5.899408850684274e-08, -2.1088100505504068e-05, 0.00278063614418513, -1.3145695640173585, 433.4534586116102;
		0.0, -1.3669412332809442e-10, 1.2909616524142863e-07, -4.640103050590046e-05, 0.006125483825757432, -2.9964781466869663, 976.1305758278138;
		0.0, 2.7166785643814936e-10, -1.867935686438929e-07, 4.699513126936287e-05, -0.0018479755928270845, 6.204632702216278, -295.5494288992627;
		0.0, -3.2050042337780763e-10, 3.0549631028256403e-07, -0.00011088943921189133, 0.014678345988567525, -7.618044396585759, 2435.930646586651;
		0.0, 8.18339064758697e-10, -5.644249652825688e-07, 0.0001425591428974916, -0.005568203760437927, 19.496711407628506, -919.235425428643;
		0.0, 4.5646442556662204e-10, -3.1525161731738733e-07, 7.97584215159604e-05, -0.0031066321280592284, 11.083929632712882, -520.364852481552;
		0.0, 4.0352341616903335e-12, -2.7901815417840534e-09, 7.069750236659691e-07, -2.7472033052977233e-05, 0.09972332306623059, -4.6647362755123405;
		0.0, 2.785296646185151e-10, -1.9290781377796038e-07, 4.897884890895256e-05, -0.0018952968841185126, 7.034283456378905, -326.95596886269965;
		0.0, 3.304140920534942e-11, -2.293052158933921e-08, 5.836448909226041e-06, -0.00022454377387016872, 0.8557428270697295, -39.42669980182603;
		0.0, 3.6703919432525305e-10, -2.552162257382731e-07, 6.511391908910746e-05, -0.00249078780382474, 9.742553624000125, -444.94608434009945;
		0.0, 1.116847125292011e-09, -7.78027951734668e-07, 0.00019895207697054085, -0.007567602843713448, 30.364749690662695, -1374.7149479284365;
		0.0, 1.6437910772549485e-10, -1.1471493324327506e-07, 2.9398098901068696e-05, -0.0011120372083348246, 4.574855360275199, -205.33274119785764;
		0.0, 1.7106346983533093e-11, -1.195827228536294e-08, 3.0709427840097386e-06, -0.00011553321550047374, 0.487054735782045, -21.673469861075706;
		0.0, 1.0644433223453313e-10, -7.453154856347055e-08, 1.917823865381321e-05, -0.0007176874239877526, 3.098642098657202, -136.7224294138207;
		0.0, 3.065680585854698e-10, -2.1499053077450288e-07, 5.542609048101558e-05, -0.002063429830859018, 9.118827955468133, -399.0026535963575;
		0.0, 1.4835101898494192e-09, -1.0419037432504764e-06, 0.0002690987601293485, -0.009967806926656346, 45.06106912412469, -1955.545192663911;
		0.0, 4.647408485361108e-11, -3.268610364324592e-08, 8.456687949525082e-06, -0.0003117223618094586, 1.440639895666903, -62.01837217053468;
		0.0, 4.648057031640048e-09, -3.273495246430988e-06, 0.0008483370232090485, -0.031123666759005193, 146.95601250560918, -6276.732627798746;
		0.0, 3.650322013457344e-11, -2.5741360495157287e-08, 6.681493513632502e-06, -0.00024401890702652017, 1.1763909041726928, -49.86131120493048;
		0.0, 1.6708327960308158e-10, -1.1796891469082624e-07, 3.06664449118863e-05, -0.0011151179508399297, 5.48522480203415, -230.7655166361198;
		0.0, 7.789284892219242e-11, -5.506063762753591e-08, 1.433375847382845e-05, -0.0005190462881632311, 2.6033666807894407, -108.73825201165981;
		0.0, 1.362439767486164e-10, -9.641525513557226e-08, 2.5133792700809092e-05, -0.0009065177457490024, 4.6330478307285246, -192.17632645758016;
		0.0, 1.5759006814321538e-11, -1.1163973605067624e-08, 2.914044627588124e-06, -0.00010470626477306701, 0.5449110483206139, -22.452782429029785;
		0.0, 9.417804128777074e-11, -6.678495926658834e-08, 1.7453959607373246e-05, -0.0006249083714050369, 3.30924576448805, -135.4939687989387;
		0.0, 4.409642518977153e-11, -3.130039814762358e-08, 8.189869735745535e-06, -0.0002922367986231204, 1.5736222788507328, -64.04464894751575;
		0.0, 1.3047908436993873e-10, -9.270085517796237e-08, 2.428271902446491e-05, -0.0008637363475773303, 4.725955110418329, -191.25694156967813;
		0.0, 7.138445948853878e-11, -5.0760134803102486e-08, 1.3310632979167729e-05, -0.0004720649397128757, 2.622634892068409, -105.57867457599225;
		0.0, 1.36067012586091e-09, -9.683415895589635e-07, 0.0002541812724775505, -0.008990016152689637, 50.67630183574824, -2030.156544845393;
		0.0, 4.8373705531933023e-11, -3.4452655005625116e-08, 9.052200341178318e-06, -0.00031936109300148915, 1.8251994904628384, -72.79601834463502;
		0.0, 1.9173225923735427e-10, -1.3665638250600323e-07, 3.593838185804844e-05, -0.0012649604341135184, 7.325017986936645, -290.9621561237006;
		0.0, 4.3765232236180044e-09, -3.1222089571252378e-06, 0.0008219860747413647, -0.02881754871115671, 169.74373213307186, -6692.902403082308;
		0.0, 2.640780016906232e-10, -1.8857989359259965e-07, 4.970522997405233e-05, -0.0017341987063530407, 10.41153020235523, -406.7411734202382;
		0.0, 1.3320244549317906e-10, -9.521178788453108e-08, 2.512365960585372e-05, -0.00087242087258111, 5.336820922188127, -206.57199357373648;
		0.0, 1.1597041572015053e-10, -8.297106428077389e-08, 2.1917267859357525e-05, -0.0007575660709530398, 4.720378468114294, -181.0330285006346;
		0.0, 5.7095199237083925e-11, -4.088517287941654e-08, 1.0811244389393437e-05, -0.00037200290943203794, 2.360257567983586, -89.68968958205905;
		0.0, 1.239655982992125e-11, -8.884673792954092e-09, 2.351720366744679e-06, -8.056428801573077e-05, 0.5203138846640316, -19.59154483838455;
		0.0, 1.0862083862992821e-13, -4.5367302783300356e-11, -1.7987230482601853e-09, 2.8758289510686217e-06, 0.0, 1;
		0.0, 1.0965228862690369e-10, -7.871692797904621e-08, 2.0875373211091537e-05, -0.0007091051563333499, 4.7403565748038154, -175.273395051016;
		0.0, 5.7140399351962855e-09, -4.105171120261931e-06, 0.0010896495762049985, -0.03686370631004142, 250.5902902962367, -9182.50180584958;
		0.0, 1.1499452011540744e-13, -5.040134275763252e-11, -3.303019583752392e-10, 2.6809862364561314e-06, 0.0, 1;
		0.0, 2.1957330189581952e-11, -1.5798312091141417e-08, 4.2005507970978986e-06, -0.00014100797474452223, 0.9901207699959087, -35.64291569250737;
		0.0, 1.739155633147294e-11, -1.252207855823157e-08, 3.332146110690908e-06, -0.00011144248611778376, 0.7948948904820282, -28.3661544483146;
		0.0, 5.060510065249188e-10, -3.646111884052247e-07, 9.709988066038862e-05, -0.003235826138675627, 23.43737630889366, -829.1872414463423;
		0.0, 9.019228470449698e-10, -6.502709797238452e-07, 0.0001733061816621476, -0.0057553269729557445, 42.31652077145622, -1484.4261160874764;
		0.0, 1.9785444191406037e-10, -1.427421343071747e-07, 3.807092664101596e-05, -0.001260049068197, 9.401474063047502, -327.04420461426656;
		0.0, 1.369718002444475e-10, -9.888072466374782e-08, 2.6391608273515092e-05, -0.0008706533562052938, 6.589858178209674, -227.35802556638345;
		0.0, 6.571349881714967e-11, -4.746816238050878e-08, 1.2678319844032484e-05, -0.00041693889765065243, 3.200227288124037, -109.5230784363616;
		0.0, 2.7736690388563073e-09, -2.0047657607951206e-06, 0.000535822370974953, -0.017567382257613534, 136.6942365366737, -4641.278394133522;
		0.0, 4.956012470145816e-12, -3.584238698024879e-09, 9.586181373381974e-07, -3.133644920191155e-05, 0.24710794903189312, -8.325570951008219;
		0.0, 1.0047326382267481e-10, -7.270520386450619e-08, 1.9458082552677885e-05, -0.0006342531998234909, 5.067041227204961, -169.43548791881835;
		0.0, 3.360006408308878e-10, -2.4327695970793936e-07, 6.515029117941474e-05, -0.0021177562474584237, 17.135066797341565, -568.7829331170052;
		0.0, 7.926056402870987e-09, -5.741956125767914e-06, 0.001538692375476682, -0.049882120720253414, 408.6374129711646, -13468.016947691278;
		0.0, 7.250221271911172e-10, -5.255236235425025e-07, 0.00014091495775995572, -0.004556360367827923, 37.78002176018027, -1236.6083138850236;
		0.0, 1.2034393868157708e-10, -8.727713060810203e-08, 2.3417220541040328e-05, -0.0007552603503562299, 6.336672394051656, -206.03530438704806;
		0.0, 4.286773518323154e-10, -3.1105659603436515e-07, 8.351067897854208e-05, -0.002686792460219503, 22.802929917807628, -736.7046583604841;
		0.0, 4.28170348612773e-10, -3.1085366456988494e-07, 8.350734623213457e-05, -0.0026802555136648666, 23.003715596835633, -738.6550856148497;
		0.0, 1.9454060576987812e-11, -1.4131183590459699e-08, 3.7985017316397485e-06, -0.00012163264669393892, 1.0553879674675462, -33.691623065895314;
		0.0, 1.0813842072874692e-09, -7.859156195905696e-07, 0.00021138511969648224, -0.006753423801920512, 59.22462942760501, -1880.2272532541506;
		0.0, 1.2818777649414937e-13, -6.356693691482498e-11, 4.456053229234533e-09, 1.9016512986387282e-06, 0.0, 1;
		0.0, 3.6462887219181164e-11, -2.652756437738771e-08, 7.143647188693666e-06, -0.00022720550085075322, 2.0341290371723564, -63.89954276342972;
		0.0, 3.114413619812132e-10, -2.2668217574883527e-07, 6.107107559423244e-05, -0.0019361858786877879, 17.55357842161547, -546.1183409865853;
		0.0, 7.372551257662053e-10, -5.368351254959972e-07, 0.00014468775498511512, -0.004571811756612939, 41.989247071846364, -1292.3044420787712;
		0.0, 3.4420076228961917e-10, -2.507326622496305e-07, 6.76031133131446e-05, -0.0021291437117724934, 19.80604563256367, -602.9855505891151;
		0.0, 6.967801869855509e-11, -5.0776779336958174e-08, 1.3695524563332979e-05, -0.0004299675692859176, 4.050263496077607, -121.97029631142966;
		0.0, 1.6822123895792862e-12, -1.2263516726556923e-09, 3.30886805178441e-07, -1.0356001608077163e-05, 0.09876576628821442, -2.941846954471508;
		0.0, 1.8508226140536621e-09, -1.349767232697621e-06, 0.00036430739937159707, -0.011367719473071872, 109.74041161832024, -3233.010905459115;
		0.0, 1.3814734623752777e-10, -1.007840463195644e-07, 2.72107003199567e-05, -0.000846592396677651, 8.271024000484568, -240.9977131877932;
		0.0, 8.832385684118238e-11, -6.445819170583868e-08, 1.740842781990162e-05, -0.0005400821322128105, 5.33887590505432, -153.85282314153002;
		0.0, 1.887158263931037e-11, -1.3777019650510568e-08, 3.7219055167007893e-06, -0.00011515079534024351, 1.1515329994916625, -32.81901399008197;
		0.0, 1.0553546605383175e-09, -7.707058258974807e-07, 0.0002082682175598278, -0.00642630011067633, 64.99879272268939, -1832.070919647117;
		0.0, 1.2085315264833585e-10, -8.828524953965008e-08, 2.3863980121747497e-05, -0.0007344317048504422, 7.511855895598369, -209.39634339490888;
		0.0, 9.656191631695621e-10, -7.056236258949808e-07, 0.00019078528352414368, -0.005856757546946643, 60.565133853443335, -1669.666492884848;
		0.0, 7.945586523474259e-11, -5.808014719457689e-08, 1.5707735972780624e-05, -0.00048101861039272925, 5.028247382952215, -137.09199883494549;
		0.0, 4.658899590514221e-12, -3.406570659439771e-09, 9.215417373312052e-07, -2.8153347470168062e-05, 0.2974374136030067, -8.020213911033846;
		0.0, 2.3100436411217046e-09, -1.6896031550024246e-06, 0.0004571851927956533, -0.013934885348281661, 148.76581645007738, -3967.3294036382213;
		0.0, 4.5366832346876867e-10, -3.3191889712237587e-07, 8.983547385158644e-05, -0.0027320164131698454, 29.467459283842476, -777.2414591142101;
		0.0, 1.7543336599852876e-10, -1.2839069424278445e-07, 3.4758171622660326e-05, -0.0010547337345535122, 11.491839564959724, -299.8042397447169;
		0.0, 1.6095345718403654e-10, -1.1782805532468102e-07, 3.1906500192436924e-05, -0.0009661402739313931, 10.631736715627294, -274.3520136422167;
		0.0, 2.6306201561845525e-08, -1.9263410678483386e-05, 0.005217600572737459, -0.15766300111320755, 1752.0380901177036, -44722.69831519613;
		0.0, 7.942602713178573e-10, -5.817875222988008e-07, 0.0001576194349373844, -0.0047532156436516405, 53.331768508348986, -1346.727147222443;
		0.0, 1.0509345039484178e-10, -7.700236092688457e-08, 2.0866913987161644e-05, -0.0006280203007995853, 7.113683236034551, -177.71760623948558;
		0.0, 9.667246186662708e-11, -7.085305772340502e-08, 1.9205390768081498e-05, -0.0005768901498253264, 6.59594025511814, -163.03933829829;
		0.0, 8.698183626652665e-12, -6.376946166560061e-09, 1.728978857583469e-06, -5.1835689744262405e-05, 0.5981613582577849, -14.630389560065122;
		0.0, 6.716729724486328e-11, -4.925743191714991e-08, 1.3358683293104176e-05, -0.0003997464645663845, 4.655068054423972, -112.67627599362008;
		0.0, 8.45217004954605e-11, -6.200309816441353e-08, 1.681989194988915e-05, -0.0005023844646775081, 5.903077590881979, -141.41831472701503;
		0.0, 1.5579450164366664e-11, -1.1432220640503703e-08, 3.1021434482128483e-06, -9.248578826413221e-05, 1.0964025941023487, -26.0001170747732;
		0.0, 1.107185920965176e-09, -8.127081644778158e-07, 0.00022059280319045694, -0.006564631316418134, 78.50783760810282, -1843.142576235478;
		0.0, 1.3316587299647162e-10, -9.777892394151982e-08, 2.654800410525859e-05, -0.0007886063319525519, 9.513238016304523, -221.1481452184807;
		0.0, 0.0, -1.1826125577640602e-07, 6.325364561667291e-05, -0.0026013092485819875, 33.141699520423934, -1436.033853348446;
		0.0, 4.216325338861948e-11, -3.097934213015903e-08, 8.416546820750522e-06, -0.0002491049834856556, 3.0567976934321495, -69.70571228589127;
		0.0, 1.2548239783313062e-10, -9.222933108828204e-08, 2.5065535853360204e-05, -0.0007405113353416607, 9.163735120358249, -207.02581689480323;
		0.0, 4.5197505114633116e-11, -3.323172245757107e-08, 9.03469195124796e-06, -0.00026642122663925655, 3.324571149892262, -74.42713003926059;
		0.0, 3.6231060774703174e-11, -2.6648690636722984e-08, 7.247626351259711e-06, -0.0002133263109173884, 2.684166257051621, -59.55921941163935;
		0.0, 5.00988054992901e-13, -3.68623697455046e-10, 1.0029283925772122e-07, -2.946470123486149e-06, 0.03738006617979511, -0.8223014171748646;
		0.0, 8.553031929864344e-09, -6.295670398173544e-06, 0.0017135754583509307, -0.050246657429737614, 642.6813107203748, -14020.156133163944;
		0.0, 3.5143491286858214e-09, -2.5878439168931493e-06, 0.0007046641844480657, -0.02062265087358589, 265.92750235608224, -5754.522685759795;
		0.0, 1.2335215496866706e-11, -9.0869216416676e-09, 2.4754406377094155e-06, -7.230325530267953e-05, 0.9399159080570225, -20.181541069710697;
		0.0, 2.0919771216600443e-10, -1.5417350924461293e-07, 4.2019061080693894e-05, -0.0012248357164190387, 16.051128036060618, -342.0809820640218;
		0.0, 2.146924813794355e-11, -1.582813357847091e-08, 4.315472261997047e-06, -0.00012553428298272938, 1.6585206629909204, -35.02899007287794;
		0.0, 4.709752008778985e-11, -3.472724241539122e-08, 9.468093916642207e-06, -0.0002748430083124612, 3.661903117661741, -76.14079334793406;
		0.0, 1.5771360958404162e-10, -1.1630258575721233e-07, 3.1707129790049076e-05, -0.0009185266411316209, 12.34061329743038, -252.40368315761398;
		0.0, 8.361983030822847e-12, -6.167008367715091e-09, 1.6811774805127674e-06, -4.860557812350104e-05, 0.6584148759500091, -13.24333142240983;
		0.0, 2.4864734510953495e-12, -1.8339689152639308e-09, 4.999189380821564e-07, -1.4425667832618992e-05, 0.19699883881322994, -3.895773882826935;
		0.0, 1.0079398320132193e-10, -7.43504303052229e-08, 2.0265478784846374e-05, -0.0005836900318044794, 8.034720298004197, -156.17966254248552;
		0.0, 8.602706839199973e-11, -6.346332813082244e-08, 1.7296552313891405e-05, -0.000497277845942598, 6.899148943343349, -131.78436105203068;
		0.0, 3.3054036888095964e-10, -2.438649296774897e-07, 6.645798706791729e-05, -0.0019073283087146572, 26.667225533246683, -500.4384123133326;
		0.0, 4.812073775961796e-11, -3.55052662383171e-08, 9.674976643611396e-06, -0.00027719862773016883, 3.9052453007828705, -71.98055235726792;
		0.0, 4.981249915765165e-10, -3.6756416462734935e-07, 0.00010014933083492539, -0.0028646761165969613, 40.66189352948408, -735.9305396381262;
		0.0, 9.833925928896249e-11, -7.256965615502981e-08, 1.9770903717632627e-05, -0.0005646291900737498, 8.073859557187022, -143.45025956116737;
		0.0, 6.532679351902922e-12, -4.8211642016749705e-09, 1.3133456989262847e-06, -3.7449618259918684e-05, 0.5394152835895243, -9.405935447971205;
		0.0, 1.8344654099014715e-10, -1.353947937613299e-07, 3.687943559787882e-05, -0.0010500396138842488, 15.233263066872336, -260.62620190284207;
		0.0, 6.823985902680044e-10, -5.036884592644974e-07, 0.00013718266667750545, -0.0039002675846617984, 56.98333030915772, -956.3274402265887;
		0.0, 1.9880281328351744e-10, -1.4674984802341884e-07, 3.9964092123190626e-05, -0.0011346414206513007, 16.693001683589912, -274.73505077437085;
		0.0, 2.607097362547397e-11, -1.924614261507275e-08, 5.2407267810578914e-06, -0.00014859103405990672, 2.2011441558380733, -35.517014674906264;
		0.0, 2.490067248104897e-10, -1.8383537206276152e-07, 5.0053354795190836e-05, -0.001417308837231703, 21.137798596066556, -334.3054171800474;
		0.0, 4.2204975253619886e-10, -3.1161165833192326e-07, 8.48350341740961e-05, -0.0023991287559084664, 36.02045153265996, -558.2342330262738;
		0.0, 1.5380112270291313e-10, -1.135644364831745e-07, 3.091454430961181e-05, -0.0008731804050722396, 13.196615051831515, -200.35615199264012;
		0.0, 8.737022763130854e-10, -6.451786302321154e-07, 0.0001756148173614326, -0.004954267770029259, 75.36427913408032, -1120.6425443558128;
		0.0, 4.792510787814077e-12, -3.5392765340783477e-09, 9.63293454577851e-07, -2.7143609409698605e-05, 0.41557313591159156, -6.050647526290232;
		0.0, 7.2589435323834685e-12, -5.3611874431400185e-09, 1.4590508187488496e-06, -4.106595668730591e-05, 0.6327380316805755, -9.018243105453404;
		0.0, 1.6792280993297136e-10, -1.2403238207852574e-07, 3.3753026596183616e-05, -0.0009489375772059364, 14.713364260847309, -205.2332346719911;
		0.0, 6.600581622961481e-10, -4.875814835829944e-07, 0.0001326771660576427, -0.003726008488222902, 58.1330154354104, -793.3983230976608;
		0.0, 2.508079615487443e-10, -1.8528829484748502e-07, 5.041640307439125e-05, -0.00141432849442117, 22.20283141846708, -296.41999302044724;
		0.0, 2.2582233808526314e-10, -1.6684664641090225e-07, 4.53962629907542e-05, -0.0012721429918070254, 20.09322164928119, -262.34937404860796;
		0.0, 5.0163180989753965e-11, -3.706653744564735e-08, 1.0084806343822036e-05, -0.0002823097411985779, 4.4861503342862195, -57.27154742212599;
		0.0, 2.1524332254332983e-09, -1.5906540213920988e-06, 0.00043276163994575506, -0.012101890328970754, 193.47124336891918, -2414.480494594365;
		0.0, 5.08751976332396e-10, -3.7601412957040637e-07, 0.00010229857650081355, -0.0028577378198231403, 45.96042412783742, -560.5899912762144;
		0.0, 5.846407841312654e-12, -4.321577519273383e-09, 1.1757239109711804e-06, -3.2810062951624144e-05, 0.5308265624875212, -6.326801819044967;
		0.0, 8.980796497494868e-09, -6.639364722110046e-06, 0.00180631181789389, -0.05035497154410175, 819.5202484372714, -9542.95643904719;
		0.0, 3.108668255875313e-11, -2.298518963671008e-08, 6.253502995315425e-06, -0.0001741479656987244, 2.8510026816699723, -32.42952601212516;
		0.0, 8.383094406496868e-11, -6.199318191001801e-08, 1.686687225579769e-05, -0.0004692139615471829, 7.726886490743527, -85.84248473871014;
		0.0, 4.2385539893996726e-11, -3.1349253620308065e-08, 8.52981987921782e-06, -0.00023703471577546194, 3.926402342584437, -42.59815652363545;
		0.0, 1.2481019466225685e-10, -9.232804709407553e-08, 2.5123215777989094e-05, -0.0006973899286126215, 11.6199700694353, -123.09770213167751;
		0.0, 2.2749057917136693e-09, -1.6831607940180711e-06, 0.00045804005831166913, -0.012700576275999194, 212.86235998100332, -2201.681252555878;
		0.0, 9.3950120566241e-11, -6.952528960084596e-08, 1.8921893138216868e-05, -0.0005240751685217185, 8.835215213665908, -89.21855808571877;
		0.0, 5.146322218902315e-10, -3.8091724734318373e-07, 0.00010368224095101045, -0.0028683382618275534, 48.641435653713614, -479.5249174557657;
		0.0, 4.017789737573811e-10, -2.974501402517514e-07, 8.097448823823485e-05, -0.0022374714784419887, 38.16741354485623, -367.33392587598803;
		0.0, 1.1761371646496028e-10, -8.709307474365742e-08, 2.3713009784473306e-05, -0.0006544313422893046, 11.229684946641704, -105.51429004766588;
		0.0, 1.918011956945999e-11, -1.420630919143963e-08, 3.868676975808037e-06, -0.0001066329211073787, 1.8406635689991164, -16.885813103951524;
		0.0, 7.025204129675337e-11, -5.2047396771898944e-08, 1.4176459819586696e-05, -0.00039023817686530045, 6.776511331028287, -60.70194876753857;
		0.0, 0.0, -5.573885072721071e-08, 3.091469068275179e-05, -0.001178731100717242, 23.15930140817154, -828.8875013811858;
		0.0, 8.244590681801416e-11, -6.111499275351258e-08, 1.665410978598447e-05, -0.00045718166561302994, 8.035294661130557, -68.66092085734402;
		0.0, 3.0548729759659505e-10, -2.2651703059505731e-07, 6.174370427087917e-05, -0.0016925038970676516, 29.928867954989652, -249.86550089259157;
		0.0, 3.937207496234743e-11, -2.920329044759043e-08, 7.962558583313309e-06, -0.0002179391033220727, 3.8776247668306794, -31.638924734363076;
		0.0, 1.1599699795468297e-09, -8.60662811860974e-07, 0.00023474385073764161, -0.006415003935138141, 114.84762093722433, -916.1722556570041;
		0.0, 2.8814216201048366e-12, -2.1386670270246332e-09, 5.835208430673269e-07, -1.5920351529035746e-05, 0.2868128326913625, -2.2378985950103782;
		0.0, 6.765340640493885e-12, -5.02323632381674e-09, 1.3710739174348866e-06, -3.734417544417454e-05, 0.6770456506835829, -5.169683854020433;
		0.0, 1.0536870119854532e-10, -7.826561317385994e-08, 2.137100034755764e-05, -0.0005810637282520791, 10.602250466397459, -79.26843369800045;
		0.0, 3.7595739869949476e-11, -2.7936188431103033e-08, 7.631379586119256e-06, -0.00020711672136746644, 3.8035324015311853, -27.843394486105808;
		0.0, 3.199174257558212e-11, -2.3774437215073738e-08, 6.493982721032867e-06, -0.0001760017041934084, 3.2500337352610873, -22.784851144129682;
		0.0, 1.7751428740270058e-11, -1.3191276620697426e-08, 3.6020086845862765e-06, -9.751064496125872e-05, 1.8096521570372697, -11.98973304274019;
		0.0, 2.6183505119469714e-10, -1.9456337895832163e-07, 5.310973124716622e-05, -0.0014361495954056138, 26.784278156241474, -167.12156062782364;
		0.0, 2.2418279187640182e-12, -1.6657668527829623e-09, 4.5454889007326433e-07, -1.2278383542150857e-05, 0.23010402946119227, -1.3468175075435678;
		0.0, 5.611522350926927e-10, -4.169367677223611e-07, 0.00011373350945531701, -0.0030690257235684703, 57.78996170532506, -315.88826716702704;
		0.0, 3.6345289816549213e-12, -2.7003140562750337e-09, 7.363480639326037e-07, -1.9850118224221104e-05, 0.3755350357553499, -1.9072877614363333;
		0.0, 2.374335827155127e-11, -1.763941009143694e-08, 4.80841897864224e-06, -0.00012949883470254154, 2.461251686538259, -11.546295269250626;
		0.0, 2.449568476524071e-10, -1.8197285977597043e-07, 4.958764038364202e-05, -0.0013342476908596208, 25.474010357519745, -109.62634896436394;
		0.0, 6.073314805767108e-12, -4.511462917647191e-09, 1.2289439990233513e-06, -3.3037707377696426e-05, 0.6335925901812612, -2.480896449481482;
		0.0, 1.564996261292206e-11, -1.1624626492278123e-08, 3.1654909257534104e-06, -8.50253880843866e-05, 1.6377873804151315, -5.777717850431299;
		0.0, 5.713975862505906e-10, -4.2440271776538683e-07, 0.00011552810340900191, -0.003100559439932161, 59.982940680572035, -188.35648850224916;
		0.0, 1.6465586112226522e-10, -1.222898662903369e-07, 3.3277207301999365e-05, -0.0008923960796002086, 17.337849504816376, -47.725027471248545;
		0.0, 3.0351872073152864e-10, -2.2540977499948562e-07, 6.131641283107547e-05, -0.001643086534365454, 32.056763103275514, -75.8359883664522;
		0.0, 2.7313361732208037e-11, -2.0283187344811996e-08, 5.515540651504425e-06, -0.00014769229862368792, 2.8934205105730144, -5.726493786121352;
		0.0, 2.5478811903943443e-11, -1.8919699929011463e-08, 5.142976134998644e-06, -0.00013762044127509687, 2.707103718892213, -4.312829422433553;
		0.0, 5.917894438228151e-11, -4.3941692836915455e-08, 1.1940607232259617e-05, -0.0003193052335049041, 6.306246774584885, -7.617511280593224;
		0.0, 5.936721520960696e-11, -4.4078958092838385e-08, 1.1973785585231742e-05, -0.0003199883493547673, 6.344798825503173, -5.225470088924377;
		0.0, 8.194373506391607e-10, -6.083824478882345e-07, 0.00016520737287503118, -0.004412325159519521, 87.83078363131513, -38.68934051308675;
		0.0, 3.9911471935645344e-12, -2.963017850101026e-09, 8.043390803758498e-07, -2.1469418460747797e-05, 0.42901581367869096, -0.024778306110760904;
		0.0, 1.3079780833998214e-10, -9.709892590511124e-08, 2.6349629219533635e-05, -0.0007029274366072922, 14.099909253390082, 4.558078684553949;
		0.0, 1.2653291059243698e-09, -9.392825661878913e-07, 0.000254808503817548, -0.0067938301215495975, 136.78977649056813, 96.13225388510682;
		0.0, 1.304356142526497e-10, -9.68208564407467e-08, 2.6257074927202192e-05, -0.0006997138433191932, 14.140806260027786, 15.283174082072822;
		0.0, 1.3170825154205788e-11, -9.77612186183821e-09, 2.650365209166468e-06, -7.059279488000953e-05, 1.4318968015273894, 2.0867839591260577;
		0.0, 1.0343811816616493e-11, -7.677445659023916e-09, 2.080752785545386e-06, -5.539406466027703e-05, 1.1277072285171774, 2.066017212915254;
		0.0, 3.618757928606934e-10, -2.68583875674887e-07, 7.276983162598346e-05, -0.0019363726923891933, 39.56301515402983, 87.22627362554951;
		0.0, 1.9662750321320245e-10, -1.4593203078467442e-07, 3.952691208459225e-05, -0.0010513104504209067, 21.55686390479971, 55.51680352059049;
		0.0, 6.46334414418603e-11, -4.7967986607733115e-08, 1.2988768997407424e-05, -0.00034531194061894564, 7.105728749698738, 20.91744136220573;
		0.0, 7.511034390452237e-11, -5.574215667212027e-08, 1.508961205960101e-05, -0.00040098788186126256, 8.280573265135137, 27.406712853339275;
		0.0, 4.890325973958131e-10, -3.629225115681708e-07, 9.821776656128266e-05, -0.002608893825311831, 54.06408185269591, 198.58604766890605;
		0.0, 1.6162457520720502e-11, -1.1994381827355898e-08, 3.245188803901598e-06, -8.616324173995338e-05, 1.7918034318120242, 7.2278674597836865;
		0.0, 1.1154100696432077e-10, -8.277548457425228e-08, 2.23899948424816e-05, -0.0005942282345230145, 12.400284009380503, 54.458596156561356;
		0.0, 6.423773115347656e-11, -4.7671269151924796e-08, 1.2891511670347321e-05, -0.00034199627301006265, 7.161523205495041, 33.992211329597566;
		0.0, 6.925618696063144e-11, -5.139574444597778e-08, 1.3895494025775751e-05, -0.00036847645640069855, 7.742775314761901, 39.47328317087749;
		0.0, 5.99087029027531e-10, -4.4459375751210776e-07, 0.00012017521324874022, -0.003185428772711093, 67.1670788316028, 365.81184425561963;
		0.0, 3.607939427970885e-12, -2.677568469351299e-09, 7.236061141568583e-07, -1.9172149364009102e-05, 0.4056592440214916, 2.349141921483839;
		0.0, 5.445935756300939e-10, -4.041707250385383e-07, 0.00010920489213674532, -0.002892167782856205, 61.40702027111809, 376.53820080909685;
		0.0, 2.8940152922090256e-10, -2.1478669766205698e-07, 5.8023775621536585e-05, -0.0015360188841229319, 32.726431401237996, 211.70272216026967;
		0.0, 1.594433229733605e-10, -1.1833970661846905e-07, 3.1963656379576565e-05, -0.0008457687717444122, 18.082833977715037, 122.99582917505752;
		0.0, 1.4072430804101787e-11, -1.044514405847568e-08, 2.8208115428146474e-06, -7.460509725928807e-05, 1.6006742955284936, 11.413522446966876;
		0.0, 9.323644122916856e-10, -6.920792459354089e-07, 0.00018687690702981857, -0.004940181701093789, 106.36665950478013, 792.924376518644;
		0.0, 5.19919492282212e-12, -3.859533533486364e-09, 1.042033043135601e-06, -2.7533044284961944e-05, 0.594915282139626, 4.624987266394541;
		0.0, 9.632237892891081e-11, -7.150863300209933e-08, 1.9304521386738336e-05, -0.0005098108209607695, 11.05503394845927, 89.4230255239195;
		0.0, 7.457395393688378e-11, -5.536751820564481e-08, 1.4945715454938886e-05, -0.0003944888680074919, 8.585180619218963, 72.10329268187594;
		0.0, 4.50864887608125e-11, -3.347766646426948e-08, 9.036191959014339e-06, -0.00023837541014360385, 5.206609418565563, 45.313139432068944;
		0.0, 5.199999259166162e-10, -3.861511058645679e-07, 0.00010422307588831823, -0.0027478105261686857, 60.23876504890134, 542.2693104300215;
		0.0, 4.420385727036785e-11, -3.2829472705398074e-08, 8.86043025441621e-06, -0.00023346005940423251, 5.137077941844715, 47.75099365445115;
		0.0, 2.7833856762264727e-11, -2.0674334315542478e-08, 5.579753142693587e-06, -0.00014692468007925663, 3.2451354965600467, 31.097716020445294;
		0.0, 1.4826060679200436e-10, -1.1013950183365287e-07, 2.9725389752410946e-05, -0.0007821957194101579, 17.342429181084967, 171.07162774613283;
		0.0, 2.0058861890536985e-11, -1.4903482082305364e-08, 4.0223690549287915e-06, -0.00010577014233270709, 2.3541686778199216, 23.870238880699315;
		0.0, 2.0055722156488883e-11, -1.4903525714543127e-08, 4.0225545896961626e-06, -0.00010569656360677982, 2.361786015226161, 24.5821113673342;
		0.0, 9.38398295597798e-12, -6.974488931391045e-09, 1.8825792331353016e-06, -4.94280252767038e-05, 1.108881160096559, 11.8321193110471;
		0.0, 1.0343310811747945e-11, -7.68890787497952e-09, 2.0755970569717776e-06, -5.445110703820145e-05, 1.2265324733479945, 13.400412290814229;
		0.0, 2.7425955021809664e-11, -2.0391645645993516e-08, 5.5052610831246155e-06, -0.00014430019283191142, 3.2638479595516725, 36.468428281642765;
		0.0, 6.622394405795891e-11, -4.9248923446161104e-08, 1.3297797522806094e-05, -0.0003482369687307914, 7.909704992031349, 90.28202915838631;
		0.0, 1.185103751238683e-10, -8.815260201418438e-08, 2.3805965377723284e-05, -0.0006228266242567205, 14.207193391712764, 165.47281942608717;
		0.0, 3.3814132439430417e-10, -2.5158231174630945e-07, 6.795306050538837e-05, -0.0017760520681882883, 40.689969376438114, 483.0860692135545;
		0.0, 9.042080050908334e-11, -6.729139249346176e-08, 1.81793175538555e-05, -0.0004746439445289893, 10.922612787270324, 132.04954799659924;
		0.0, 8.64850677003593e-12, -6.437956175372711e-09, 1.7396681578521713e-06, -4.537097263016409e-05, 1.048821318056464, 12.89889311752767;
		0.0, 1.4865771732713883e-11, -1.10692089784131e-08, 2.9918976469393416e-06, -7.79392997864285e-05, 1.8100229071633316, 22.62326040193401;
		0.0, 4.0105721204113313e-11, -2.987201038128159e-08, 8.07640550425765e-06, -0.00021013679952046625, 4.903143841405616, 62.223527340991616;
		0.0, 5.033697902246659e-10, -3.75043125426862e-07, 0.0001014309424198362, -0.002635749487924825, 61.796486762675165, 795.5181903917231;
		0.0, 3.3608493794508765e-11, -2.504875282371539e-08, 6.776778197519454e-06, -0.000175865773496297, 4.143541145149224, 54.05926344341147;
		0.0, 1.625033406024099e-09, -1.2115735458711514e-06, 0.0003279046839392086, -0.0084977572193944, 201.21955889859447, 2658.221491425906;
		0.0, 1.3717990434794256e-11, -1.0231415609162968e-08, 2.770174297086302e-06, -7.168624469231988e-05, 1.706174013267927, 22.802673444188827;
		0.0, 5.987174878868153e-09, -4.467171929696059e-06, 0.0012100153708619326, -0.031265448090712085, 748.0335950422557, 10105.239262468558;
		0.0, 2.4108669038823503e-10, -1.7993730361155974e-07, 4.875418890163614e-05, -0.0012579868012983727, 30.244359331825684, 414.3864211965924;
		0.0, 5.028649532781287e-10, -3.752974609595018e-07, 0.00010164731952201463, -0.002621023146040182, 63.18747752687281, 894.3376656930996;
		0.0, 4.4969648044521004e-11, -3.3558233092284154e-08, 9.084682296142577e-06, -0.0002341239738700056, 5.6579630933790845, 82.83640024392311;
		0.0, 2.3962367997824525e-11, -1.7879859605432995e-08, 4.8379819325002706e-06, -0.00012461559390101155, 3.018682351466801, 45.671348084749134;
		0.0, 3.272061234827158e-13, -2.441233473426833e-10, 6.60232712258375e-08, -1.6997561949877784e-06, 0.041270418736044256, 0.6446763479947737;
		0.0, 3.74990175555356e-09, -2.797440694362497e-06, 0.0007561980130803088, -0.019458845769001438, 473.53705546112013, 7630.490052123821;
		0.0, 8.9891802658629e-11, -6.705228365709385e-08, 1.811649767293021e-05, -0.0004659697423048004, 11.364671393732218, 188.75282903358186;
		0.0, 1.7517829081541085e-11, -1.3065489967483493e-08, 3.528349901527646e-06, -9.071245503998232e-05, 2.2172077166754183, 37.92634101783096;
		0.0, 1.3752786382520008e-11, -1.0256229809530636e-08, 2.7683336351371384e-06, -7.114351438139503e-05, 1.7425834861266432, 30.676172602904266;
		0.0, 1.1399040205850374e-10, -8.499952735192126e-08, 2.293144389298519e-05, -0.0005890869066376787, 14.458904114346652, 261.76257042142896;
		0.0, 4.72469239952228e-10, -3.522675586572632e-07, 9.498858153881488e-05, -0.002439269731676194, 59.991951168314515, 1116.180176352389;
		0.0, 2.0370510517263926e-09, -1.5186291509424027e-06, 0.0004092928806377007, -0.01050684477112332, 258.9181963515862, 4947.544961204521;
		0.0, 4.6435472284730333e-11, -3.461387777225091e-08, 9.3243025701084e-06, -0.00023928372902861327, 5.908006776452126, 115.873203898554;
		0.0, 0.0, -2.5340535262212557e-08, 1.4524912610679535e-05, -0.0005093185280841702, 16.276954180185125, -365.38305201190576;
		0.0, 3.728665513091935e-12, -2.7787847148027474e-09, 7.478056705643075e-07, -1.9179140326041244e-05, 0.4753086545835156, 9.803389265492326;
		0.0, 1.4287338542428668e-10, -1.0646416293107999e-07, 2.8636612626634275e-05, -0.000734254126016634, 18.229525207261368, 385.24720359065026;
		0.0, 4.468117750010219e-10, -3.329105685611328e-07, 8.950157886866139e-05, -0.0022942880931724856, 57.06135909857521, 1234.9160765469476;
		0.0, 6.348602252735923e-12, -4.729685355173918e-09, 1.270928055539354e-06, -3.257156069017672e-05, 0.8114866855494945, 17.975620079309053;
		0.0, 1.0786202462083626e-10, -8.034783639145933e-08, 2.1579893864510792e-05, -0.000552935971805534, 13.799090125741277, 312.71128629905456;
		0.0, 6.697267638290791e-10, -4.988329984939664e-07, 0.000133911457610839, -0.003430508514898136, 85.75347708103345, 1987.129756814536;
		0.0, 6.388453062036832e-11, -4.757793963599969e-08, 1.2766054567825606e-05, -0.00032697883319762863, 8.18683422530732, 193.8963011541732;
		0.0, 2.8465930476113692e-11, -2.1197679319063543e-08, 5.684983265488023e-06, -0.000145586488366315, 3.650957641428706, 88.33697296650573;
		0.0, 5.237299493249296e-10, -3.899635796512454e-07, 0.00010453366376360145, -0.002676599156640993, 67.22727090096038, 1661.0122595973307;
		0.0, 4.789517482368009e-11, -3.5658480996738445e-08, 9.554055784979978e-06, -0.0002445999097147462, 6.152938879856283, 155.17308164444984;
		0.0, 0.0, -2.8627494881202753e-08, 1.6443692204375116e-05, -0.0005720977510613218, 19.19992156458136, -387.2989884397891;
		0.0, 1.4245145173908193e-11, -1.0603505516939663e-08, 2.83834668886469e-06, -7.264966008514558e-05, 1.832967634398304, 48.10222360176818;
		0.0, 2.2278569430304782e-10, -1.6581624113434457e-07, 4.436510381819532e-05, -0.0011354477296803402, 28.689348537462458, 767.5576942390342;
		0.0, 3.7962909911476225e-10, -2.825254087833034e-07, 7.555663248057217e-05, -0.0019335721557174528, 48.92573133466139, 1333.9546186305458;
		0.0, 4.280886543404681e-12, -3.1855994494731865e-09, 8.515482769353955e-07, -2.179031722069612e-05, 0.5521484396489135, 15.335921356161347;
		0.0, 1.0353513770485334e-11, -7.703815081068352e-09, 2.058398373335903e-06, -5.266887616123463e-05, 1.3364554950929368, 37.800726621496835;
		0.0, 2.0933262000390596e-11, -1.5574601787011422e-08, 4.15957224559631e-06, -0.00010642585972571072, 2.70426669901699, 77.86299291408781;
		0.0, 3.409720878269362e-12, -2.53665981502246e-09, 6.771811943104297e-07, -1.7325284201630075e-05, 0.44083825585560993, 12.916490129563249;
		0.0, 1.340014248649057e-12, -9.968219867048206e-10, 2.6599539315875943e-07, -6.805017158736466e-06, 0.17338848760525627, 5.167974033006621;
		0.0, 5.332591182857249e-12, -3.966549648979891e-09, 1.0580019055270642e-06, -2.7065968793203313e-05, 0.6905630990818269, 20.93105729462472;
		0.0, 2.2150547764119816e-09, -1.6475062004375255e-06, 0.0004392591750249397, -0.011236777286710893, 287.0831971489033, 8845.864342509012;
		0.0, 6.599248530884775e-12, -4.908025437452028e-09, 1.3080498087549317e-06, -3.346034962100962e-05, 0.8560148009166842, 26.80507645927457;
		0.0, 1.5895609005063497e-10, -1.1821183902150059e-07, 3.1492393411642736e-05, -0.0008055603463481655, 20.636362312005478, 656.498543083735;
		0.0, 1.126884474199898e-10, -8.379855978233211e-08, 2.231578635028565e-05, -0.0005708097217950824, 14.64236592330598, 473.08611427692495;
		0.0, 2.2137342759674415e-10, -1.6461066885439602e-07, 4.381960778023363e-05, -0.0011208165336879677, 28.78994828384262, 944.416258803983;
		0.0, 4.278729014381578e-11, -3.1814463771013753e-08, 8.465916550126275e-06, -0.00021653420168107356, 5.569573356443878, 185.44103796122062;
		0.0, 2.477937294952604e-11, -1.842381426660562e-08, 4.90085607197212e-06, -0.00012534588997790096, 3.228481206631343, 109.07192591518196;
		0.0, 3.362685749407901e-11, -2.500098858052243e-08, 6.6480922129673845e-06, -0.00017002765393947316, 4.385360570285462, 150.28701381632067;
		0.0, 4.486698545934843e-10, -3.335658850524301e-07, 8.866931030177618e-05, -0.002267662226201778, 58.568954766645554, 2035.4398454698508;
		0.0, 7.882076896554055e-11, -5.8597839977011216e-08, 1.557147823016492e-05, -0.00039821275012015946, 10.299463618161631, 362.8723863172811;
		0.0, 2.6062843208343893e-10, -1.937543061720292e-07, 5.1470804981299704e-05, -0.0013162059070371448, 34.09115439631765, 1217.3202606750247;
		0.0, 1.3721836517108447e-10, -1.020076926363731e-07, 2.708998886757818e-05, -0.000692701320724604, 17.967658026185113, 650.062728089936;
		0.0, 7.549413132802279e-10, -5.612128216486167e-07, 0.00014899611477438648, -0.0038096296219398817, 98.96147010565393, 3626.671714547608;
		0.0, 5.793566434005805e-11, -4.3068199526852514e-08, 1.1430909097797845e-05, -0.00029225028894252955, 7.603047068414157, 282.1547045333112;
		0.0, 9.368975823560976e-13, -6.964692365600736e-10, 1.8480263800305496e-07, -4.724371667277283e-06, 0.12309453011687312, 4.624613779853543;
		0.0, 1.1763605073042288e-09, -8.744845313982088e-07, 0.00023197762353042764, -0.0059297784389131265, 154.74223335732512, 5883.877521466696;
		0.0, 1.781993340938767e-11, -1.3247153769845015e-08, 3.5132581021229567e-06, -8.979523093643259e-05, 2.3470063322223758, 90.29596958189354;
		0.0, 0.0, -1.8175077213002341e-06, 0.0010487744657969474, -0.03598040967571911, 1341.2611763872148, -20228.08516580052;
		0.0, 6.087695373455044e-12, -4.52572299235234e-09, 1.1997212275241592e-06, -3.0655331501105385e-05, 0.8038918697660741, 31.637231788670213;
		0.0, 5.924365981376801e-11, -4.404441819126683e-08, 1.1673335544326004e-05, -0.000298230007848695, 7.8340312443780284, 311.6983020535769;
		0.0, 2.7042310591405834e-09, -2.0105273473772603e-06, 0.0005327607688526133, -0.01360854416715052, 358.10271578277167, 14400.86619698333;
		0.0, 1.56822647314335e-11, -1.1659915971498415e-08, 3.089173789859185e-06, -7.889265837113403e-05, 2.079769723641281, 84.51092206205149;
		0.0, 6.078652066803634e-10, -4.5197849694884705e-07, 0.00011972810359069952, -0.003057007402285786, 80.73834776805977, 3314.199586119329;
		0.0, 2.2696723191973623e-09, -1.68772218417692e-06, 0.00044701035645982234, -0.011410769311752516, 301.94382105850644, 12517.314060326176;
		0.0, 2.3307969824767096e-10, -1.7332976171609572e-07, 4.590237561378942e-05, -0.0011714393972555492, 31.058700333124154, 1299.9881509690383;
		0.0, 5.029215672691627e-10, -3.7402740847048153e-07, 9.904167822179709e-05, -0.002526851541868987, 67.13065265064661, 2836.1808942817693;
		0.0, 1.4433443081168905e-11, -1.0735230286530688e-08, 2.8424048527168087e-06, -7.249602039144929e-05, 1.9300109913146626, 82.28386884870736;
		0.0, 6.05613574381549e-11, -4.5048368285383756e-08, 1.1926724200466142e-05, -0.0003040918150797418, 8.113022620395094, 348.95151223762355;
		0.0, 2.383157984195634e-09, -1.7728917533565833e-06, 0.0004693529870938921, -0.011962634339358845, 319.8646027978355, 13875.912008432988;
		0.0, 4.951292512053032e-11, -3.6838160763026436e-08, 9.752108787771413e-06, -0.0002484605503478298, 6.6586856480066015, 291.2605375657271;
		0.0, 6.851295176598306e-10, -5.098072840741327e-07, 0.00013495776974075486, -0.0034369707590954225, 92.32726970057944, 4071.0493444734643;
		0.0, 2.576240076761001e-10, -1.9172462565636765e-07, 5.075388804944399e-05, -0.0012919726299899634, 34.79070188364668, 1545.992561510073;
		0.0, 9.158703707488237e-11, -6.816917693277429e-08, 1.8046270920793906e-05, -0.00045915999038260795, 12.395481074321008, 554.9578290929118;
		0.0, 1.5306812110572207e-10, -1.1394771427919665e-07, 3.0166272939381486e-05, -0.0007671439155075154, 20.763499929944285, 936.3405112312344;
		0.0, 2.6174629297708483e-12, -1.9488244574867787e-09, 5.159578375630209e-07, -1.3113954539262975e-05, 0.3558916755737695, 16.16111717658405;
		0.0, 1.4970788752953355e-09, -1.114840475210707e-06, 0.0002951811741334985, -0.007498209343560091, 204.05128005052984, 9328.172866082337;
		0.0, 1.1912039045127327e-10, -8.872268958214459e-08, 2.349385467991969e-05, -0.0005964271798609233, 16.277028513083735, 748.8911491780718;
		0.0, 6.788574372336419e-10, -5.057227248749277e-07, 0.00013393221845063228, -0.0033978702235356135, 93.00361233619378, 4305.385170503182;
		0.0, 3.3016033305995344e-12, -2.4600784638051907e-09, 6.516046106193068e-07, -1.6519937201011376e-05, 0.453541760212324, 21.119304842294042;
		0.0, 5.2632903262864315e-12, -3.9226229511245756e-09, 1.03916412689225e-06, -2.6326582612924473e-05, 0.7250381154108432, 33.95111421420516;
		0.0, 2.7852909259137425e-11, -2.076299832065053e-08, 5.501486144852905e-06, -0.0001392706611532528, 3.847920682500715, 181.14661136551172;
		0.0, 4.6341741686516444e-11, -3.455391971035815e-08, 9.157561009127936e-06, -0.0002316389009212079, 6.4212826791853965, 303.8198334440328;
		0.0, 3.055636159199816e-11, -2.2789637499086822e-08, 6.041195548447862e-06, -0.00015268244836517115, 4.247056128575027, 201.90668137825696;
		0.0, 1.6859118732480942e-12, -1.2577284175660582e-09, 3.334923700860869e-07, -8.421098555897634e-06, 0.23507255727906956, 11.225626244615587;
		0.0, 3.692284820720575e-11, -2.7553006754167703e-08, 7.3078969332094905e-06, -0.00018436296085184433, 5.165208972936827, 247.69591847536165;
		0.0, 1.2099852886952818e-11, -9.031946865000134e-09, 2.396294663629841e-06, -6.039505428289236e-05, 1.6984170106125562, 81.76602471309351;
		0.0, 9.508826880936959e-11, -7.10005225581109e-08, 1.884374093135329e-05, -0.00047444883562935324, 13.393982647266803, 647.1573753999471;
		0.0, 4.191043802289335e-11, -3.130372756093752e-08, 8.311125656715438e-06, -0.00020903745317855607, 5.924768197894395, 287.2210419492246;
		0.0, 3.1632251710305877e-10, -2.3634655177854886e-07, 6.277445886777035e-05, -0.0015771385810575812, 44.88429563976504, 2182.5084101851803;
		0.0, 1.2634657224045849e-11, -9.443525416592397e-09, 2.509283596017669e-06, -6.297086651511865e-05, 1.7996696763188424, 87.74882752795433;
		0.0, 1.2887075384212966e-10, -9.635693521078699e-08, 2.5614903230387313e-05, -0.0006420457090586824, 18.428915512078976, 900.7494820744047;
		0.0, 2.0334441077643106e-10, -1.5209798666512774e-07, 4.045153959373711e-05, -0.0010126882083099193, 29.19660888376005, 1430.3472287141024;
		0.0, 7.733576975655453e-11, -5.785575941420232e-08, 1.5385964760932912e-05, -0.00038488673959945837, 11.132454567166393, 551.8033076216487;
		0.0, 5.796076493550812e-12, -4.3363170764429815e-09, 1.1527207215729397e-06, -2.8822143349260975e-05, 0.835664700580944, 42.13266486838401;
		0.0, 4.6483166755313423e-10, -3.477762796722648e-07, 9.241059871074727e-05, -0.0023095476113633427, 67.11614639239158, 3441.653552464112;
		0.0, 0.0, -6.248321946614885e-08, 3.6399436480874395e-05, -0.0012208087210982866, 52.456282709708816, -524.2810030602892;
		0.0, 1.024346571774227e-09, -7.664358327857406e-07, 0.00020347788625858028, -0.005081080726886573, 148.2804320414833, 7863.295614713956;
		0.0, 5.924569677072369e-12, -4.432952228878914e-09, 1.1763472359345213e-06, -2.936334002397249e-05, 0.8585515096622, 46.292681733294934;
		0.0, 1.9216683781835196e-10, -1.4378673382440872e-07, 3.813790039859143e-05, -0.0009516283612938896, 27.87453776936365, 1528.0365812562318;
		0.0, 3.0580268556187467e-10, -2.2881400002151932e-07, 6.066113673190634e-05, -0.0015131135721122384, 44.39534741348347, 2473.9875813171043;
		0.0, 1.8428664442316911e-09, -1.3789006154586574e-06, 0.0003653807314251802, -0.009111017043293824, 267.73481630045615, 15165.306604384738;
		0.0, 7.0651263691683594e-12, -5.286323568135383e-09, 1.400057904425278e-06, -3.490095623395637e-05, 1.027055525725219, 59.12591080562649;
		0.0, 1.015965399829471e-10, -7.601590238040502e-08, 2.0122012893190962e-05, -0.0005014676321361459, 14.776275831728485, 864.4420001390968;
		0.0, 4.6833922355733866e-11, -3.504086417577949e-08, 9.270682268807712e-06, -0.00023097942476387812, 6.8140910327514055, 405.05538191741425;
		0.0, 2.2590114850254135e-11, -1.6901239999604294e-08, 4.469107867876529e-06, -0.00011132240595607232, 3.2875870821374127, 198.54836233497332;
		0.0, 4.5944214195198535e-11, -3.4372729631794427e-08, 9.08400523207988e-06, -0.0002262295654419809, 6.6873192252271965, 410.26920622835803;
		0.0, 1.7314056677070187e-11, -1.2952761296079096e-08, 3.4212333239731356e-06, -8.518732156787917e-05, 2.52019480873055, 157.0444964283795;
		0.0, 1.373742482938671e-11, -1.0276531621499201e-08, 2.7128140771233244e-06, -6.753713664668457e-05, 1.9994350766639597, 126.53475157983786;
		0.0, 3.944818383721557e-10, -2.950824645802831e-07, 7.785139207789796e-05, -0.001937890965834635, 57.4049312098628, 3688.97967992026;
		0.0, 6.207605452100392e-14, -3.9563564060406486e-11, 7.421606492508939e-09, -6.897191230652736e-08, 0.0, 1;
		0.0, 5.97853678754114e-11, -4.4715110666309345e-08, 1.178328663070643e-05, -0.0002932512247820045, 8.694049287729726, 575.8422171482938;
		0.0, 6.220565567512264e-12, -4.65218861531661e-09, 1.2252073193264273e-06, -3.0489679464281116e-05, 0.9041572532542268, 60.784362253419765;
		0.0, 0.0, -2.3147567733898694e-06, 0.0013521594288504568, -0.04483410110435255, 2089.403487262779, -9893.372070932326;
		0.0, 1.4081320540212474e-10, -1.0529324930538541e-07, 2.7696545392770314e-05, -0.0006891876347153241, 20.441196364698683, 1415.0982421155627;
		0.0, 2.4776337969859435e-10, -1.8524910495248093e-07, 4.869836770924102e-05, -0.00121178249892871, 35.9388739339215, 2524.1029725056496;
		0.0, 6.173425172176113e-12, -4.615356187837969e-09, 1.2125370265342812e-06, -3.017261044937037e-05, 0.8947050817012832, 63.74012636559877;
		0.0, 1.227824815083168e-10, -9.178540698125912e-08, 2.40986838838928e-05, -0.0005996912712600642, 17.777850767987537, 1284.4858577016707;
		0.0, 5.643314482005882e-11, -4.21821025403413e-08, 1.1068197509286783e-05, -0.0002754461172028257, 8.162660490102585, 598.0299568223664;
		0.0, 1.2253508861610389e-11, -9.15818778765994e-09, 2.401519892722034e-06, -5.976952489370231e-05, 1.7704280292537262, 131.50230404882558;
		0.0, 3.632328683607219e-12, -2.7144887674684715e-09, 7.113646200387627e-07, -1.7706308855951258e-05, 0.5241936352670195, 39.46667869111439;
		0.0, 4.967962644228299e-11, -3.712219916790719e-08, 9.722212619197743e-06, -0.00024201985093404849, 7.1604898726816595, 546.3667707575779;
		0.0, 1.2633763043340067e-11, -9.439292376016719e-09, 2.470575689379046e-06, -6.150945495914215e-05, 1.8185543315335435, 140.60046078946883;
		0.0, 2.634951030268991e-10, -1.968473327384157e-07, 5.148917359590191e-05, -0.00128210871347571, 37.87634487349403, 2966.6198898344;
		0.0, 1.7768958766601802e-10, -1.3272977932331578e-07, 3.4696301423771245e-05, -0.0008641009189106631, 25.505535239834465, 2023.3618101678057;
		0.0, 1.7463396464073104e-10, -1.3043186154782384e-07, 3.407437528045731e-05, -0.000848766504381893, 25.029634112566317, 2010.7090062570578;
		0.0, 1.426554430861687e-10, -1.0653473860153423e-07, 2.7814175445662266e-05, -0.0006929660782720588, 20.414838929327157, 1660.3672099109233;
		0.0, 3.732115169158156e-11, -2.786796633672191e-08, 7.271308486989177e-06, -0.00018119648815951664, 5.332423340814754, 438.98771785448315;
		0.0, 8.164937846883393e-11, -6.096071321663925e-08, 1.5896138901242747e-05, -0.00039621043341904103, 11.647071026250758, 970.3260700464452;
		0.0, 1.1439198743177668e-10, -8.539636318776281e-08, 2.225448741939403e-05, -0.0005548226194187145, 16.29063428143267, 1373.1362791182376;
		0.0, 2.7848761720118337e-11, -2.0787203014794034e-08, 5.4139400512421266e-06, -0.00013500724883805357, 3.9592496089570663, 337.5691820171176;
		0.0, 6.701745699292753e-11, -5.00177819466765e-08, 1.3019187193001123e-05, -0.0003247424054925679, 9.511471873164593, 820.1044121473395;
		0.0, 1.6576498522510837e-10, -1.2370169636716534e-07, 3.217958078690674e-05, -0.0008028806296216614, 23.485277480481695, 2047.310023934127;
		0.0, 5.396713789847559e-12, -4.026787853397282e-09, 1.0469169801137358e-06, -2.6127738179525802e-05, 0.7632513037751487, 67.25352200472065;
		0.0, 1.8172190744150467e-10, -1.3557617937087045e-07, 3.522811657182101e-05, -0.0008794294843507442, 25.655169809404537, 2284.403851601194;
		0.0, 7.385427609421416e-14, -5.509331607428718e-11, 1.4307430431342924e-08, -3.5727114097126026e-07, 0.010408047790749306, 0.9362809756129933;
		0.0, 1.0350342708974014e-12, -7.720147549976492e-10, 2.003776874655325e-07, -5.0050965957565065e-06, 0.1456037469981486, 13.229250906912293;
		0.0, 3.2350027894757526e-12, -2.412646847338578e-09, 6.258687575838918e-07, -1.5637774055641178e-05, 0.4542734374429836, 41.676383852802765;
		0.0, 7.22391071542628e-12, -5.386917986613033e-09, 1.3966917294882392e-06, -3.4907760965806145e-05, 1.0126101559574374, 93.77940914169518;
		0.0, 2.0146096819411733e-10, -1.5021337335401295e-07, 3.89264421886336e-05, -0.0009731878887919918, 28.18983922591776, 2634.6967359956334;
		0.0, 6.34482979766392e-12, -4.730295356914914e-09, 1.2251966781589262e-06, -3.063999360078093e-05, 0.8862578478496953, 83.56975532767619;
		0.0, 3.6095904807993055e-10, -2.690777477927769e-07, 6.965984558227546e-05, -0.0017425934260647516, 50.33208457643589, 4786.9773903748555;
		0.0, 5.2864566710093395e-11, -3.940371382235961e-08, 1.0196122261434626e-05, -0.0002551400590260128, 7.358832488408607, 705.7116574213192;
		0.0, 8.395347319530728e-11, -6.256983178196227e-08, 1.6183123269034128e-05, -0.0004050745834701964, 11.66683062070658, 1127.8342703452813;
		0.0, 1.6793094465906552e-10, -1.2514460740663458e-07, 3.2353066960568946e-05, -0.000810057083778153, 23.298568454577314, 2269.6884933433353;
		0.0, 2.498412623372901e-11, -1.8616670039880576e-08, 4.810807795926377e-06, -0.00012048797685577077, 3.4606938777674765, 339.6358529310106;
		0.0, 1.0990489635631187e-11, -8.188657984187286e-09, 2.1151851422692457e-06, -5.299040436913485e-05, 1.5199688035438252, 150.23295690036846;
		0.0, 1.3784252237930308e-10, -1.0269238934139688e-07, 2.651555601937543e-05, -0.0006644616393417365, 19.034406623771503, 1894.153564988412;
		0.0, 8.426940339105239e-10, -6.27748808303141e-07, 0.00016202520367165552, -0.004061335236368096, 116.19464830452782, 11637.796494547927;
		0.0, 1.0006216085478277e-10, -7.45329748016947e-08, 1.923033912185672e-05, -0.00048215501294518416, 13.777473400154426, 1388.4321643219887;
		0.0, 6.871610701312718e-11, -5.118013065447931e-08, 1.3200469493672555e-05, -0.00033105374579695966, 9.448575178179508, 957.7507425583616;
		0.0, 6.159526401376757e-12, -4.587290386687063e-09, 1.1827738190296325e-06, -2.9669885923776884e-05, 0.8458430470219083, 86.21157733816977;
		0.0, 5.54774386120443e-09, -4.131361833968614e-06, 0.0010648889389327028, -0.02671891320899709, 760.8894452948534, 77955.05015554643;
		0.0, 2.8820268339140535e-10, -2.1460736340007148e-07, 5.530055901940423e-05, -0.001387839181077189, 39.481616417736525, 4064.6281173158404;
		0.0, 5.146393063071162e-11, -3.8319629486458664e-08, 9.871621136500633e-06, -0.0002477923322547772, 7.042428224680503, 728.2928798058672;
		0.0, 4.5652824094302894e-11, -3.399067058071764e-08, 8.75422572881813e-06, -0.00021978657741497372, 6.240819122377697, 648.0917556606015;
		0.0, 7.39797682979399e-11, -5.5078339202827106e-08, 1.4182028982445603e-05, -0.0003561228434209233, 10.10356187697094, 1053.2538151127007;
		0.0, 3.357505897365705e-11, -2.4995539222413117e-08, 6.434700778923296e-06, -0.00016160752564816654, 4.581419073787422, 479.26268800525315;
		0.0, 2.803727955483333e-10, -2.0871880168184154e-07, 5.372106832569985e-05, -0.0013494074766857876, 38.22750417232951, 4011.576265631339;
		0.0, 8.954583819408848e-12, -6.6658146611827205e-09, 1.7153886528799697e-06, -4.309426907577052e-05, 1.220052109635413, 128.39040162626003;
		0.0, 5.549172656573817e-10, -4.130668821860313e-07, 0.00010628329242237695, -0.0026703831278000884, 75.55983038619863, 7970.930517050817;
		0.0, 2.525292971522157e-10, -1.8797081621379197e-07, 4.835924828650653e-05, -0.0012151575745333952, 34.36701658204801, 3633.054368037986;
		0.0, 1.5059194316048163e-10, -1.1209058654089415e-07, 2.8834470094773745e-05, -0.000724606564938026, 20.48506213128482, 2169.3365341439235;
		0.0, 1.1123247896779395e-11, -8.279236044006927e-09, 2.1295923285866262e-06, -5.352011403833718e-05, 1.5125611833240524, 160.40112211432725;
		0.0, 3.621170132728683e-11, -2.6952597558157602e-08, 6.932323964948043e-06, -0.0001742293839699222, 4.922799500912891, 522.5905482648319;
		0.0, 2.5987397351317955e-11, -1.9342385623497127e-08, 4.974735338434392e-06, -0.00012503378032141006, 3.5322284707822766, 375.2302306780037;
		0.0, 5.77638397314914e-12, -4.299333362505112e-09, 1.1057377524980306e-06, -2.779180366089101e-05, 0.7850626460103352, 83.42559477683324;
		0.0, 6.670718037635232e-11, -4.964983284060078e-08, 1.2769365781917065e-05, -0.000320947167923457, 9.066153079932741, 963.4071376707489;
		0.0, 4.068231720383079e-11, -3.02798201952914e-08, 7.787798640040719e-06, -0.00019573609334649293, 5.529653705377415, 587.384909636207;
		0.0, 7.621493172604956e-11, -5.6727334406254865e-08, 1.459059669354179e-05, -0.0003667022802736395, 10.361285718984004, 1099.8231133486609;
		0.0, 1.505908187816053e-11, -1.1208764525699847e-08, 2.8831486711136596e-06, -7.245768046506249e-05, 2.047824732871291, 217.13644132426373;
		0.0, 2.4614105871648815e-10, -1.8321142964199275e-07, 4.713026000398878e-05, -0.0011843678405701454, 33.484074523297075, 3545.320542290465;
		0.0, 8.069573231902733e-12, -6.0066252591492836e-09, 1.5453435169391801e-06, -3.883057203010192e-05, 1.0982550890033829, 116.07668966857631;
		0.0, 4.2595380191094917e-10, -3.1707074385484975e-07, 8.158439997383775e-05, -0.0020497959604984326, 58.0031686487825, 6117.382916188739;
		0.0, 7.229360672896328e-11, -5.381576179429133e-08, 1.3849244639498037e-05, -0.00034791830986880185, 9.850613729152784, 1036.3285696984576;
		0.0, 4.248968368283172e-10, -3.1630874446604113e-07, 8.141464057212305e-05, -0.0020450054519115983, 57.93724211032914, 6078.006400580949;
		0.0, 8.317930144577167e-11, -6.19245998355129e-08, 1.5941831790130157e-05, -0.00040037250313382705, 11.351059814473754, 1187.0215837199917;
		0.0, 2.0907702946051052e-11, -1.5565985521627797e-08, 4.008152566436896e-06, -0.00010064630452810641, 2.8556789100159294, 297.57808685398055;
		0.0, 2.4893917453055604e-11, -1.8534804605234426e-08, 4.773721450304872e-06, -0.00011984834046083327, 3.403395652260096, 353.2845554980075;
		0.0, 1.0651348309756839e-11, -7.930960992264022e-09, 2.0431719905447333e-06, -5.128557265165556e-05, 1.4577149631448967, 150.68093007665078;
		0.0, 2.4728351861852905e-09, -1.8413858225476772e-06, 0.00047450678905141457, -0.011908095466167107, 338.80008401707283, 34862.34563051213;
		0.0, 1.747240280222914e-11, -1.3011660329098825e-08, 3.3539566308986672e-06, -8.415145674508578e-05, 2.396693570493875, 245.41841732595634;
		0.0, 2.7935844682519698e-11, -2.0805309017621127e-08, 5.364560495387161e-06, -0.000134566681012745, 3.836736882003056, 390.83615709819463;
		0.0, 4.959616622147173e-11, -3.693980519013854e-08, 9.527916673950771e-06, -0.00023894384538932818, 6.820505128942553, 690.9469264349984;
		0.0, 4.423673224480301e-10, -3.2950760185851604e-07, 8.501980246820412e-05, -0.002131611936542553, 60.91805142646488, 6135.196469707684;
		0.0, 1.7528400485486728e-10, -1.3057567345821835e-07, 3.3703572491936695e-05, -0.0008447926444468455, 24.172654232885844, 2419.4784436500354;
		0.0, 5.774628095097957e-12, -4.30212715875221e-09, 1.1108706243208823e-06, -2.7836858140940234e-05, 0.7975323560376144, 79.30902731596159;
		0.0, 3.651587036759985e-12, -2.7207065264780145e-09, 7.028067061576573e-07, -1.7606458750924855e-05, 0.5050911009603469, 49.88665804744717;
		0.0, 7.684624214361671e-10, -5.726179575742214e-07, 0.00014797904965026967, -0.0037060641479864957, 106.46184430069489, 10440.338238913871;
		0.0, 1.44948567721493e-10, -1.0801895224080229e-07, 2.7926932358472085e-05, -0.0006992140290744191, 20.113444285342144, 1957.8527420033274;
		0.0, 8.710028154329458e-12, -6.491583246729105e-09, 1.6790693122585752e-06, -4.20269463453706e-05, 1.2106241923767647, 116.93505083657436;
		0.0, 1.6912434623754267e-08, -1.2606180717295215e-05, 0.003262141304784771, -0.08162681620695114, 2354.656624437615, 225618.75863435405;
		0.0, 4.782852006719939e-11, -3.565429069160887e-08, 9.230781805531424e-06, -0.00023090768691241397, 6.670404211089356, 633.8475883101623;
		0.0, 1.8583672372742753e-11, -1.3854949788460666e-08, 3.588765705159189e-06, -8.974583017163633e-05, 2.5962766126681287, 244.5924907653807;
		0.0, 3.988858350076425e-11, -2.9742091784430375e-08, 7.707806192046026e-06, -0.00019269439721980542, 5.582520096801525, 521.265166295378;
		0.0, 2.1219356187449247e-10, -1.5823607251402476e-07, 4.1028856903181605e-05, -0.0010254092572579486, 29.749706625223688, 2752.489312532147;
		0.0, 1.0212357913108257e-11, -7.616413184674977e-09, 1.975896811381191e-06, -4.936764324428798e-05, 1.4343317452530366, 131.45820439170538;
		0.0, 2.150589390991901e-11, -1.604108806282723e-08, 4.163728018101296e-06, -0.00010399970567991621, 3.0259130605882, 274.6453648198644;
		0.0, 2.674179667675721e-10, -1.994891757653863e-07, 5.180924674300791e-05, -0.0012936905514809758, 37.6933850844221, 3387.2197841508655;
		0.0, 8.173841321736183e-11, -6.098287181351135e-08, 1.5846727993150148e-05, -0.00039558363951756463, 11.541828821833805, 1026.6017486743747;
		0.0, 3.344467614293046e-09, -2.4955249484771417e-06, 0.000648845762068226, -0.01619266866910998, 473.0916567715621, 41640.01144643546;
		0.0, 0.0, -1.0527299930282508e-08, 6.152561153271032e-06, -0.00020269909980461602, 10.028048528857912, 6.857538924345752;
		0.0, 6.821945664471872e-11, -5.0915536912500615e-08, 1.3253682432551946e-05, -0.0003305824728543602, 9.683815811138745, 833.9953853569032;
		0.0, 3.9732062020046805e-10, -2.965765821624977e-07, 7.724695089421329e-05, -0.0019262540873951257, 56.497005251993016, 4811.275259719036
	];