	///////////////////////////////////
	// Borefield Constants //
	///////////////////////////////////
	parameter Real Kappa_agg_Constants[19, 7] = [
		0.0, -1.946833400412922e-11, 1.5292067138194898e-08, -3.98809085434825e-06, 0.05382404318870595, 2.937669821982958, 0.8486453170247993;
		0.0, 2.0684818612377265e-11, -1.5224896559315283e-08, 3.5925381584043837e-06, 0.013013555965554022, 1.6706513092055655, -0.7141866522399147;
		0.0, -3.2826442771875936e-11, 1.9925386534363502e-08, -3.6352239622100843e-06, 0.03146408371502323, 4.343057279668386, 1.7231905759408317;
		0.0, 1.6704079730055544e-10, 4.837298828127307e-08, -3.470593990691952e-05, 2.464275969326281, 349.3595181441396, 123.13204864290708;
		0.0, 1.285297787038524e-11, -4.9420778908156976e-09, -3.757360453076037e-08, 0.1795731113682875, 25.41797353860254, 11.4876291207622;
		0.0, -7.56212248876229e-12, 5.679098848210802e-09, -2.0711876030782915e-06, 0.24643326041233238, 34.59909037707786, 22.575710793484674;
		0.0, -4.977600821576748e-11, 3.526956178381179e-08, -9.640574249782941e-06, 0.4586079952980002, 63.89311396771876, 62.33208458764105;
		0.0, -1.5653355130661723e-12, 1.1381786937675964e-09, -3.053870695856508e-07, 0.006738574928783434, 0.9302824069846516, 1.4182033013364617;
		0.0, -2.4192340356024988e-11, 1.7834981500231207e-08, -4.821312704638623e-06, 0.05053127538108745, 6.7278186535427285, 16.703745574282426;
		0.0, -7.426441406764656e-10, 5.592218300083789e-07, -0.00015544337767028432, 0.8760875445525991, 96.37408038756212, 395.24563419353603;
		0.0, -5.479045949409931e-11, 4.2641686562331374e-08, -1.2433724290818825e-05, 0.043353258378312026, 3.2909838256520043, 22.145971228003532;
		0.0, -1.1867681757804828e-09, 9.468287184336538e-07, -0.00028820606559011797, 0.6251175914131952, 32.8917769699937, 371.47329257607;
		0.0, -5.526378236512699e-11, 4.3237190682589e-08, -1.2957911318751925e-05, 0.01432170028168916, 0.5591490183827768, 11.525736194398085;
		0.0, -1.0789065434233802e-08, 8.347667176551891e-06, -0.0024399293781556756, 1.1134774396153422, 30.410535145180756, 1396.055677931545;
		0.0, -1.9314801032140664e-07, 0.000155507202607663, -0.047175149770702876, 9.28184461855309, 91.84456723980738, 19449.86389116301;
		0.0, -1.5605886263983435e-12, 2.8068877825850855e-09, -1.4243202798494568e-06, 0.00030138363744640204, 0.0, 1;
		0.0, 3.1027904844049533e-09, -2.305093694699108e-06, 0.0006403315041136411, -0.01969190796840498, 2.214473612314655, -63.44047720955745;
		0.0, 1.9594286166879376e-08, -1.485804851862983e-05, 0.004156354785660505, -0.10679565854296688, 14.364839603487024, 131.24355446283298;
		0.0, 2.824980881107315e-10, -2.127878279719968e-07, 5.6376815220967504e-05, -0.0013980850034516182, 0.3522783892995014, 32.055822358447514
	];
	parameter Real Gamma_Constants[7] = {0.0, -8.54450540725992e-09, 6.399318571476563e-06, 0.000550577935341908, 0.13354245727831415, 13.61612168224662, -72.28164041238112};
	parameter Real Xi_Ext_Constants[7] = {0.0, -9.939994323872169e-08, 7.414445210149396e-05, 0.007308158095484175, 8.86466734865757, 162.25814224657654, -174.89288577207893};
	parameter Real Xi_Inj_Constants[7] = {0.0, -9.939994323872169e-08, 7.414445210149396e-05, 0.007308158095484175, 8.86466734865757, 162.25814224657654, -174.89288577207893};
	parameter Real Kappa_L3_Constants[480, 7] = [
		0.0, -7.697801892457558e-11, 5.702611827506234e-08, -1.5498634329754233e-05, 0.7933835013574936, 9.819754712331282, 7.738632512492662;
		0.0, -1.6970483572656784e-10, 1.298543968782432e-07, -3.693019751881734e-05, 0.16102275522620138, 14.823210775202915, 78.37708640341674;
		0.0, -5.116811205646848e-11, 4.017107623334235e-08, -1.186660889808553e-05, 0.03618224539570723, 4.176186646351665, 32.301990485736795;
		0.0, -9.375047541305956e-11, 7.462874419887369e-08, -2.256047949385119e-05, 0.05445467206399147, 7.370683760096785, 73.71477909656271;
		0.0, -3.7405219660104316e-11, 2.988501597582077e-08, -9.123988626072804e-06, 0.0181364145795233, 2.8028937093301143, 34.269669723392674;
		0.0, -2.539907111455556e-10, 2.022334512853522e-07, -6.173408923996736e-05, 0.10286098976797053, 17.80726812872722, 257.4793517552762;
		0.0, -1.8740663549356759e-10, 1.483765067988654e-07, -4.508016644807792e-05, 0.06327397229726575, 12.063379300675841, 202.70303296665924;
		0.0, -1.202259211284265e-09, 9.450990861351867e-07, -0.0002849326537569245, 0.3430910916741467, 71.23257321797314, 1364.3707359817936;
		0.0, -9.837176714126833e-11, 7.691340404956877e-08, -2.3025677682918304e-05, 0.02378264149720451, 5.306974533063047, 115.3427937899341;
		0.0, -1.0019599014150482e-09, 7.794480767137468e-07, -0.0002316817385873244, 0.2104523223392393, 50.10194595733586, 1212.9916112366254;
		0.0, -2.1594425335367053e-10, 1.674589636518917e-07, -4.951209732640967e-05, 0.03910023040907788, 9.814365251018716, 267.0869870605354;
		0.0, -1.988234389360645e-10, 1.538603950814048e-07, -4.530153132426053e-05, 0.03200183719653907, 8.43135921950697, 252.96058697951096;
		0.0, -9.706845830891792e-11, 7.500795238659642e-08, -2.200998947416032e-05, 0.01399785106055922, 3.8429331790851737, 126.73533362668097;
		0.0, -7.28677561376274e-09, 5.628307909398754e-06, -0.0016479236990762163, 0.9335647140264663, 264.4634911189034, 9705.762022205165;
		0.0, -1.5975614955361426e-08, 1.2343222139451226e-05, -0.003609787382112172, 1.8599338655735838, 542.05676055231, 21838.96173244969;
		0.0, -5.02147733355888e-11, 3.8821575112781823e-08, -1.1347150368704938e-05, 0.005440146643306718, 1.629633175453509, 70.81900337094446;
		0.0, -1.2431572188859507e-10, 9.620709603748171e-08, -2.8116534642205538e-05, 0.012325598181534775, 3.7513397532040598, 179.4106667739131;
		0.0, -9.713469338893736e-10, 7.528572853237017e-07, -0.00022014569460251078, 0.0883270544327729, 27.12536490107756, 1434.3926657576985;
		0.0, -7.338822840994118e-12, 5.698181833227836e-09, -1.6679939237531017e-06, 0.0006208820814008226, 0.19202091187496204, 11.127122006889369;
		0.0, -3.16179929848867e-10, 2.4594091331760815e-07, -7.208663694124084e-05, 0.02530209901851087, 7.88860275081045, 493.82034915731265;
		0.0, -2.067022651976293e-10, 1.6107426452855023e-07, -4.727856069096692e-05, 0.015785776248779956, 4.957069570369824, 332.73594125560396;
		0.0, -1.385566952471224e-10, 1.0823075426827015e-07, -3.1830731774701326e-05, 0.009903472157823213, 3.0760681847449063, 228.51374425040416;
		0.0, -2.3677840498949025e-09, 1.854397961914928e-06, -0.0005466521731858099, 0.15918682711196894, 48.64078781601912, 4005.748034295979;
		0.0, -3.714055167039115e-11, 2.9165706059047795e-08, -8.619342758038716e-06, 0.002368409861567549, 0.7103514297824165, 64.56059318549025;
		0.0, -6.1558014427534e-10, 4.846627002046707e-07, -0.00014359770523928277, 0.03757869041643941, 11.067669419770594, 1100.9372758060704;
		0.0, -2.6247261533201064e-09, 2.071441784395572e-06, -0.0006152110699475465, 0.15492936600966517, 44.98040861732122, 4834.222102855609;
		0.0, -1.0228411343469275e-08, 8.090153876893541e-06, -0.0024082226465391085, 0.5875140328119066, 168.50497856874972, 19399.543428289962;
		0.0, -5.006135179492491e-10, 3.9720277323260153e-07, -0.00011861519714336468, 0.02755205808322043, 7.585432320503753, 975.4284752928238;
		0.0, -2.771248662213792e-09, 2.2062995842389833e-06, -0.0006611927315383188, 0.14630292098345418, 38.2411828175549, 5551.197694500372;
		0.0, -1.2570654451703888e-09, 1.004264820856009e-06, -0.00030206263255845795, 0.06396494778870077, 15.785030459676518, 2591.2710117655547;
		0.0, -3.6094210460177376e-10, 2.893450922994804e-07, -8.734901529085066e-05, 0.017791551523005183, 4.129062972303213, 766.1859394518846;
		0.0, -7.574055756214977e-11, 6.091712890393662e-08, -1.8455800149345722e-05, 0.0036353832756676322, 0.7924726611225044, 165.6143480250957;
		0.0, -1.3806379839212654e-10, 1.113827529677583e-07, -3.385829151256169e-05, 0.006486867702563793, 1.331628703406523, 310.9231011672494;
		0.0, -6.812356997590653e-11, 5.510665266799581e-08, -1.6801435170040394e-05, 0.003149837442587123, 0.6135642668473128, 157.9010964103083;
		0.0, -2.6380657443139217e-09, 2.1394106984933364e-06, -0.000654130993747764, 0.12033929185885116, 22.25828270277603, 6289.061426218012;
		0.0, -1.5058830516287241e-09, 1.226113655788062e-06, -0.0003765211024011067, 0.06711957131097603, 11.044479262619207, 3700.0366050216176;
		0.0, -9.989500728276781e-11, 8.168949537164815e-08, -2.520482199223956e-05, 0.004355502703905637, 0.6179021590501628, 253.29937220558804;
		0.0, -1.0421229548283634e-11, 8.559745241272661e-09, -2.653904370659079e-06, 0.00044582106553895946, 0.05299824195313969, 27.291817132493172;
		0.0, -3.7252570934038107e-09, 3.073470728190997e-06, -0.0009575905549595923, 0.15683429146544495, 15.05510864586442, 10081.528811628292;
		0.0, -1.31302449557283e-09, 1.0880706562279563e-06, -0.00034065781258454605, 0.054557029577244245, 4.018407901107589, 3672.7171431459487;
		0.0, -7.24990956861627e-09, 6.033548215163147e-06, -0.0018979659901978026, 0.2981149971382967, 15.599696188107895, 20956.064906182277;
		0.0, -2.2470519832226067e-10, 1.8776400207594065e-07, -5.9330837576344086e-05, 0.00916685907933, 0.297776221715737, 670.7701146706165;
		0.0, -4.2879979869182435e-10, 3.5964228209715926e-07, -0.0001141143166434839, 0.017393500479980128, 0.25394836139328897, 1320.4007148468036;
		0.0, -5.018768720110619e-10, 4.2231962942487434e-07, -0.0001344960822572008, 0.020281616356462993, -0.017196951386538335, 1591.569140056184;
		0.0, -5.920668470284828e-10, 4.99602269882873e-07, -0.00015960914224809382, 0.023875115658029612, -0.3251220441288016, 1929.7651307126744;
		0.0, -2.7880145195095734e-13, 2.3910283442274487e-10, -7.773876432316114e-08, 1.1990002583956565e-05, 0.0, 1;
		0.0, -1.5916552885935229e-09, 1.3565552005260843e-06, -0.00043815989871328123, 0.06366117723158865, -3.9663500874405373, 5560.541660002192;
		0.0, -1.6679139652566964e-10, 1.4297081861216185e-07, -4.646871160598701e-05, 0.006657395229240246, -0.5945622511856766, 605.0532965693111;
		0.0, -1.1828311617001191e-09, 1.0197997685278048e-06, -0.00033356425269315254, 0.04720092849053421, -5.468723607090341, 4457.783894350401;
		0.0, -5.025033518912674e-09, 4.357755327085811e-06, -0.0014344659699863256, 0.20081626270842212, -28.45977866913935, 19680.566959685093;
		0.0, -1.7688050176320806e-13, 1.669061189389434e-10, -5.952761594852904e-08, 1.0009756884643705e-05, 0.0, 1;
		0.0, -4.453410320775282e-09, 3.906692973430534e-06, -0.0013021958274806063, 0.1792369027379369, -34.15890661354136, 18828.65068941881;
		0.0, -7.278758558905167e-10, 6.420576629776274e-07, -0.00021530431087496865, 0.02944548265138472, -6.277707166245054, 3194.552045128337;
		0.0, -3.9191105473443055e-10, 3.4753083473141533e-07, -0.00011720926348830533, 0.01594637150081413, -3.7377511176096165, 1783.5233408011054;
		0.0, -1.2191063260057788e-13, 1.2726433223117511e-10, -4.924921715035161e-08, 8.840177545578103e-06, 0.0, 1;
		0.0, -1.8799564862775333e-10, 1.6829147432358793e-07, -5.7345938962893095e-05, 0.00774534431322608, -2.1053060614594097, 915.3946382932293;
		0.0, -1.03281307253552e-13, 1.1348195634623658e-10, -4.5540189312372655e-08, 8.393593538460428e-06, 0.0, 1;
		0.0, -3.61421972890264e-11, 3.259571802217593e-08, -1.119789462568763e-05, 0.0015065051418334645, -0.4544320960304051, 186.5770084477244;
		0.0, -2.2086075563450688e-10, 1.9993156344776697e-07, -6.896372519201131e-05, 0.009263174274568194, -2.9311899635605285, 1173.4959804961509;
		0.0, -4.9745821174739327e-11, 4.533784925257549e-08, -1.5752388448268466e-05, 0.0021096718375312787, -0.7180585064506236, 275.46754181764504;
		0.0, -5.107791683233496e-11, 4.6885656291397787e-08, -1.6414720113590166e-05, 0.002193506587202313, -0.7997009072159966, 295.241736998256;
		0.0, -5.407811979812425e-14, 7.76020828553194e-11, -3.608160588160221e-08, 7.288888162565003e-06, 0.0, 1;
		0.0, -5.131654535951476e-10, 4.778978089481424e-07, -0.00016989945356791025, 0.02265698416126348, -9.31240638149357, 3233.8973646665827;
		0.0, -1.083670496279923e-09, 1.0165055454227914e-06, -0.00036415573273283124, 0.04856282214987635, -21.034418038088354, 7130.097252102775;
		0.0, 1.4384004911096888e-10, -9.955588526036892e-08, 2.535130774799875e-05, -0.0010111497685150923, 3.1324486212362594, -151.60247122766359;
		0.0, 8.604240959895781e-10, -5.971264707629799e-07, 0.0001525656197839093, -0.006048722615438901, 19.315788065765126, -926.5664275645842;
		0.0, -6.799992176788192e-10, 6.514753935662653e-07, -0.00023864928060022108, 0.03193191239349145, -15.792237058059014, 5078.0039764578405;
		0.0, 4.608843804423093e-11, -3.34732816588711e-08, 9.019029445855511e-06, -0.00041382061096241225, 1.1891757527006837, -67.8241363413368;
		0.0, 5.287371378870699e-11, -3.6954172850077365e-08, 9.525668395397717e-06, -0.0003714310181247437, 1.290512901234055, -60.388249472052394;
		0.0, 3.695397811980791e-12, -2.5880247950035187e-09, 6.688199405028309e-07, -2.5949407088195793e-05, 0.09250877635183322, -4.296471275374128;
		0.0, 4.428343799709775e-10, -3.107154736115821e-07, 8.048733156184764e-05, -0.0031082783497886424, 11.355213826443785, -523.6686138825194;
		0.0, 1.2777165883358204e-10, -8.980563736550308e-08, 2.3313649426314397e-05, -0.0008964646086138601, 3.3515921692439057, -153.5556871919777;
		0.0, 3.2323443868256935e-10, -2.275453823199416e-07, 5.9188282617839765e-05, -0.002267027480962299, 8.662037064828855, -394.484696285638;
		0.0, 1.1051112144351596e-09, -7.790612933336264e-07, 0.0002030110596998082, -0.007748480642043852, 30.214013257886133, -1368.5961597242128;
		0.0, 1.5586948687843964e-09, -1.1002158732926727e-06, 0.0002871628482188585, -0.010926885891206347, 43.418350088438416, -1957.438239976906;
		0.0, 9.991394949012043e-11, -7.060405006575753e-08, 1.8454567548688506e-05, -0.0007003932598693205, 2.8317359533646322, -127.15005297742628;
		0.0, 2.0382979085944482e-10, -1.4426441518757817e-07, 3.7782789192947705e-05, -0.0014274177080945524, 5.900808019184173, -263.09668019985605;
		0.0, 6.317423920514462e-12, -4.480055037353254e-09, 1.1761713964118876e-06, -4.4157102292452406e-05, 0.18743532790918518, -8.275848417617036;
		0.0, 2.4096531694287496e-10, -1.8647555635021584e-07, 5.3645474452110214e-05, -0.0024817113390580925, 8.928535069701914, -505.60060890736275;
		0.0, 3.5885437544320468e-12, -2.5542368605475503e-09, 6.736356155347182e-07, -2.49818770978238e-05, 0.1116368309442556, -4.834236597601673;
		0.0, 4.995175898200724e-10, -3.5615806483163166e-07, 9.41309394534976e-05, -0.0034700992998492296, 15.89815120533088, -681.8444934658881;
		0.0, 1.9045882581241717e-10, -1.360224642214787e-07, 3.602359711503116e-05, -0.001320286042797896, 6.197982348971066, -263.2998480228785;
		0.0, 5.027856675223808e-11, -3.596482494924151e-08, 9.543370367149232e-06, -0.0003477899468662856, 1.6719684660836442, -70.3617033356596;
		0.0, 2.524254814346103e-10, -1.808354439795443e-07, 4.807480443380358e-05, -0.0017423605538316779, 8.572723688621446, -357.4333371426149;
		0.0, 1.1445792803716368e-10, -8.211486445923665e-08, 2.186901577826262e-05, -0.0007883679308014398, 3.9674820413348293, -163.91804487028742;
		0.0, 4.852039621138931e-11, -3.4857571577018854e-08, 9.29914039979522e-06, -0.00033350344421594595, 1.7156170333030183, -70.24995097773146;
		0.0, 1.0763452700644567e-09, -7.742719672518646e-07, 0.0002068918005987021, -0.007383129606131281, 38.79877297605902, -1574.8733366590063;
		0.0, 1.0715662180451045e-11, -7.71797003734956e-09, 2.065492854294984e-06, -7.335755783796662e-05, 0.3935491043480014, -15.838934781468309;
		0.0, 1.3181613827996381e-11, -9.505366927753816e-09, 2.5475838699073982e-06, -9.006598568527046e-05, 0.49295339431999274, -19.676175737567206;
		0.0, 1.318008071428928e-12, -9.51500678966666e-10, 2.553738269983544e-07, -8.98891853441869e-06, 0.050159762405597545, -1.9861620087203042;
		0.0, 9.424238263255276e-14, -3.393692791229677e-11, -5.3873013696200366e-09, 3.4772625934926054e-06, 0.0, 1;
		0.0, 7.999534396088385e-09, -5.787164587371393e-06, 0.0015572590301316735, -0.05437054714622159, 314.72853403700327, -12275.630480868005;
		0.0, 9.789828080136228e-14, -3.702100746209442e-11, -4.414619959573723e-09, 3.3356285606310753e-06, 0.0, 1;
		0.0, 8.949131560707808e-10, -6.486351405009736e-07, 0.000174948821125033, -0.006063906064272277, 36.312808742821595, -1397.0516485979167;
		0.0, 1.0044684555927692e-13, -3.934247330515054e-11, -3.625847676333652e-09, 3.212472186233417e-06, 0.0, 1;
		0.0, 1.450037487535711e-08, -1.0527645489950954e-05, 0.002845459366069876, -0.09799541800453081, 605.3921084696699, -23010.142774393295;
		0.0, 4.491931677379334e-11, -3.2637776944343704e-08, 8.829977150672198e-06, -0.00030322218721834734, 1.9006057005635353, -71.84967055401931;
		0.0, 3.703456973416797e-10, -2.6928382614325836e-07, 7.291941063663514e-05, -0.0024974054382803563, 15.871109492891714, -597.030232652901;
		0.0, 1.347344086408879e-09, -9.803474178756768e-07, 0.00026569662732855135, -0.009077267755608987, 58.45081604942867, -2188.8229583800503;
		0.0, 2.430068897780702e-11, -1.7697001292184048e-08, 4.801379379702379e-06, -0.00016336708634114933, 1.0698792261324335, -39.73906134730993;
		0.0, 3.668782454132213e-11, -2.674351700436011e-08, 7.264109457494371e-06, -0.00024595719396672803, 1.6412959279696682, -60.34588484889566;
		0.0, 1.619044883177125e-09, -1.1812905361170392e-06, 0.00032121842746151346, -0.010824457911460405, 73.57805905405253, -2677.8664527661135;
		0.0, 3.971494740906164e-10, -2.900275730097084e-07, 7.894883043251349e-05, -0.002648080801212951, 18.329212695516, -660.3434511885957;
		0.0, 8.58215074867576e-10, -6.272721400507679e-07, 0.00017092636359467215, -0.005707269290767878, 40.21277520068319, -1434.127182254791;
		0.0, 9.105053569403713e-10, -6.660457289899229e-07, 0.00018167189436082878, -0.006039407242194965, 43.30175052441376, -1528.765332176313;
		0.0, 8.912476799802499e-12, -6.5248344309403135e-09, 1.7814299893227605e-06, -5.896814158108389e-05, 0.4300855154950634, -15.03217172026817;
		0.0, 5.525100866351236e-11, -4.0480807117324074e-08, 1.1062403680245717e-05, -0.000364666101859027, 2.704638340543969, -93.59052154430442;
		0.0, 3.48767037445019e-11, -2.5572380580951302e-08, 6.9945343681599874e-06, -0.00022964509480601764, 1.7313993699518315, -59.32049973547164;
		0.0, 1.6285453058136996e-10, -1.1949553892145754e-07, 3.271247848825289e-05, -0.0010698405183181064, 8.196633686471811, -278.07471673150354;
		0.0, 9.088464529763279e-10, -6.673418863166243e-07, 0.00018284022424450586, -0.00595715357589454, 46.36414417852157, -1557.633301052994;
		0.0, 1.65644337774814e-08, -1.2171129710754564e-05, 0.003337367163551438, -0.10833923369245241, 856.2639213088349, -28489.90844330505;
		0.0, 3.801110680521456e-10, -2.7948091928283665e-07, 7.669442335200769e-05, -0.002480917496284742, 19.905143525843766, -655.990635130372;
		0.0, 7.517772443951699e-11, -5.531075288899492e-08, 1.5189697078074979e-05, -0.0004896828555907456, 3.9870640709292813, -130.1631223044192;
		0.0, 7.222285217385703e-11, -5.316988481843233e-08, 1.4612457478557405e-05, -0.00046952107076111814, 3.878240478937143, -125.43847093177999;
		0.0, 1.65964702938226e-11, -1.2225592752783309e-08, 3.3622977517593616e-06, -0.000107691360174296, 0.902110818793833, -28.91221971611269;
		0.0, 4.844898131479121e-13, -3.5710412066870515e-10, 9.827909154658306e-08, -3.138074582555372e-06, 0.026650297953366254, -0.846484043104331;
		0.0, 2.2922686250020857e-09, -1.6905387369902648e-06, 0.00046556825970137236, -0.014821260667168818, 127.56942285263166, -4016.3703685055743;
		0.0, 2.7508435955906714e-08, -2.0298726527080794e-05, 0.005593859641435267, -0.1775631071182045, 1548.4682180752134, -48332.70103165194;
		0.0, 1.2449321587115996e-08, -9.191495977147985e-06, 0.0025345839184316085, -0.08022770108256504, 708.6474626243839, -21933.489571326372;
		0.0, 5.7990220106108605e-11, -4.283785030795366e-08, 1.1820058695542554e-05, -0.0003731196959842313, 3.3371942668476837, -102.4450246462651;
		0.0, 1.3181552933355985e-13, -6.68684530714001e-11, 5.4068554021992634e-09, 1.8456360894162723e-06, 0.0, 1;
		0.0, 2.4725093539220994e-10, -1.8283605134418936e-07, 5.051035739263349e-05, -0.0015860720492969725, 14.532341752719551, -439.15118958424364;
		0.0, 1.8556312461682837e-10, -1.3728877574586395e-07, 3.7949843589329466e-05, -0.0011886393480814257, 11.018445310287728, -330.4831754876942;
		0.0, 5.016003758260691e-10, -3.712932879516271e-07, 0.00010269383559016528, -0.003208525404523171, 30.0826058264897, -895.8071757417537;
		0.0, 3.041912558080786e-09, -2.2527808474231767e-06, 0.0006234409823498167, -0.019431155308725013, 184.2183869566418, -5447.905813092504;
		0.0, 6.3514811262664795e-12, -4.706060218088782e-09, 1.3031071722661215e-06, -4.051764436923124e-05, 0.388320035966136, -11.408233721077423;
		0.0, 2.2001068754652796e-10, -1.6309258664886742e-07, 4.5185684506892074e-05, -0.0014016586084075562, 13.57650429496768, -396.361063533457;
		0.0, 4.666871475587449e-11, -3.46116536352832e-08, 9.594696401375523e-06, -0.0002969371983247384, 2.906035466989998, -84.33906167699355;
		0.0, 1.698771053420155e-11, -1.2604740881020337e-08, 3.496062476914468e-06, -0.00010794006620352149, 1.0673403319245292, -30.788219060785394;
		0.0, 4.161744264028117e-11, -3.0892653077478206e-08, 8.572145535961495e-06, -0.0002638520514902195, 2.641222899789856, -75.36917206331819;
		0.0, 5.321458522382584e-09, -3.951670133822361e-06, 0.0010969470710924592, -0.03365766895435599, 341.18587239098395, -9619.18431501158;
		0.0, 1.385508187766809e-11, -1.02925635206537e-08, 2.858194632855014e-06, -8.742924878751707e-05, 0.8973000628733423, -24.992573738198345;
		0.0, 1.4145598193945876e-11, -1.0512227922941163e-08, 2.9202445830284227e-06, -8.906144853100375e-05, 0.9252443120830571, -25.45805898485544;
		0.0, 1.4212855905959277e-11, -1.0565953021736588e-08, 2.936180541568276e-06, -8.928893966867538e-05, 0.9387764880706927, -25.5151714425814;
		0.0, 3.4448152632817853e-10, -2.5617828101504645e-07, 7.121308669061652e-05, -0.0021595211134933672, 22.973789445978934, -616.7517685811716;
		0.0, 5.326952350467237e-11, -3.9627776198091166e-08, 1.1019320849597773e-05, -0.0003332521456010572, 3.5865127005675554, -95.09726071727526;
		0.0, 5.743876531365222e-11, -4.274312788503457e-08, 1.1889228631884791e-05, -0.00035861571166800253, 3.903620163722644, -102.22567181508563;
		0.0, 3.487327195944584e-11, -2.595914216924727e-08, 7.222790775041864e-06, -0.00021730731277008555, 2.392032947839028, -61.86399669785798;
		0.0, 7.9275415822855e-12, -5.902949109425261e-09, 1.6428826352075048e-06, -4.9306548277195636e-05, 0.5487431990861811, -14.015307261435717;
		0.0, 2.181798952897965e-11, -1.6250803919122725e-08, 4.524088125692445e-06, -0.00013545398343476012, 1.523865893475568, -38.43527933086058;
		0.0, 6.831800003543554e-12, -5.090048656003031e-09, 1.4174024397357767e-06, -4.2339830142713504e-05, 0.48140980380281456, -11.990523801602215;
		0.0, 8.304557328149994e-12, -6.189098176450646e-09, 1.7238936620610721e-06, -5.137984672606809e-05, 0.5903257660240896, -14.51939346891083;
		0.0, 2.910239158790449e-10, -2.1695086914391055e-07, 6.044405561847557e-05, -0.001797595153181537, 20.86643540610832, -506.7985035767403;
		0.0, 8.614161557100542e-11, -6.423408664103277e-08, 1.79004716161386e-05, -0.0005312346885632739, 6.229122103634533, -149.39780505003338;
		0.0, 2.2517706005452362e-11, -1.67955773175403e-08, 4.681647839945305e-06, -0.0001386533650043347, 1.642039950654366, -38.88979167299475;
		0.0, 9.5376376615779e-12, -7.1158783137102464e-09, 1.983972809006207e-06, -5.864095562102514e-05, 0.7012915865826097, -16.401843322163774;
		0.0, 2.143059067324508e-10, -1.5993288233179459e-07, 4.4601285648593634e-05, -0.0013157346775615854, 15.887082786808843, -366.9376423495807;
		0.0, 1.1082234896308598e-10, -8.272680294309485e-08, 2.3075850037545464e-05, -0.0006794446031335975, 8.282183252363627, -188.91357164881228;
		0.0, 3.3339153824332656e-11, -2.489364047674327e-08, 6.945470178097773e-06, -0.0002041225482751675, 2.511517503500098, -56.57773079040427;
		0.0, 3.4760149626833305e-10, -2.59615361653943e-07, 7.245122028166886e-05, -0.002125412372787915, 26.392791201020643, -587.233602379392;
		0.0, 6.888397039946593e-12, -5.146146363271548e-09, 1.436482446242614e-06, -4.206479944526752e-05, 0.5271124435162612, -11.584451148341781;
		0.0, 1.8250367067851762e-10, -1.3638022273285324e-07, 3.807796015568179e-05, -0.0011130726750827272, 14.07339304291483, -305.52947629501887;
		0.0, 2.309281931756419e-11, -1.7261252633728292e-08, 4.820575211774393e-06, -0.00014066465499599452, 1.7943379566114048, -38.483298272176185;
		0.0, 2.734996371355436e-09, -2.044896507372199e-06, 0.0005712250686737038, -0.016639520813715485, 214.11935734136378, -4537.359621363654;
		0.0, 3.070657205957021e-09, -2.2964951484461227e-06, 0.0006416702934828736, -0.018659189400420766, 242.1939206549201, -5071.463544481797;
		0.0, 1.2548062039342314e-10, -9.387119017382619e-08, 2.6235671185340293e-05, -0.0007615884987258933, 9.970283055417632, -206.32852812960766;
		0.0, 7.981365885712765e-12, -5.972505510063783e-09, 1.6696802735984588e-06, -4.8384512463847124e-05, 0.6388143561673998, -13.066938487005036;
		0.0, 4.730698188795523e-11, -3.5410396974162254e-08, 9.902124724216931e-06, -0.0002864450181207249, 3.8138051006976985, -77.12193761374168;
		0.0, 2.8536969760953273e-11, -2.1366944985333903e-08, 5.976751372774973e-06, -0.0001725878354109633, 2.317113570544822, -46.33048151846043;
		0.0, 4.867084912971935e-10, -3.645319770267079e-07, 0.00010199721594680897, -0.0029400529057310265, 39.800302524877665, -787.0337099983611;
		0.0, 3.4795508158773865e-11, -2.6069066056977492e-08, 7.2964787894737595e-06, -0.00020993711697170174, 2.865443342154527, -56.05079240877807;
		0.0, 1.99483390417835e-11, -1.4950246639936132e-08, 4.185786197499281e-06, -0.0001202117044922968, 1.6542497884152458, -32.01678077402121;
		0.0, 7.274492476723563e-10, -5.453655471026884e-07, 0.00015274370878328084, -0.004378337360481013, 60.74332877677893, -1163.5209902532083;
		0.0, 1.0047981872169187e-10, -7.535491408247431e-08, 2.1112550599831377e-05, -0.0006040080998040927, 8.447989674496137, -160.1951430688011;
		0.0, 2.5395152721926417e-10, -1.9051798640707674e-07, 5.339807699015594e-05, -0.0015246202210564789, 21.49722766266141, -403.6729305822702;
		0.0, 3.639076199464746e-10, -2.7310754045076294e-07, 7.657575285569236e-05, -0.0021819108953755784, 31.014122841784513, -576.8970676988993;
		0.0, 6.514927001368772e-12, -4.891192416641659e-09, 1.371981176162477e-06, -3.901011744428492e-05, 0.5589789292934404, -10.30330231912736;
		0.0, 2.3274065743565683e-12, -1.7479035161661342e-09, 4.904443713521125e-07, -1.391559596602553e-05, 0.2010132370384657, -3.6648466084434754;
		0.0, 7.531011057173734e-12, -5.656401835429027e-09, 1.5870620563669584e-06, -4.494549859892042e-05, 0.6545262269092383, -11.71245945424977;
		0.0, 8.124522233362988e-10, -6.102606465841446e-07, 0.0001712114906794669, -0.004839942825942085, 71.04739379625055, -1246.5610149023753;
		0.0, 1.8678280432550727e-10, -1.4030803214653019e-07, 3.936049330513497e-05, -0.0011107311805438383, 16.433495922934547, -282.60578536648256;
		0.0, 2.1411297859837728e-11, -1.608475770613267e-08, 4.511800283726152e-06, -0.00012710574428657814, 1.8951600725941975, -31.931622316474396;
		0.0, 2.4828208875571413e-10, -1.8652660944095627e-07, 5.2315535829020134e-05, -0.0014714253940056766, 22.106808956468925, -364.8045307930089;
		0.0, 5.515790472450416e-10, -4.1440525243862733e-07, 0.00011621633538044206, -0.0032635623023101077, 49.4009172541146, -798.105001886222;
		0.0, 9.95579843794049e-12, -7.480214289431296e-09, 2.0975183007907202e-06, -5.8812806836153544e-05, 0.8968492713363064, -14.179574079597684;
		0.0, 4.7443866525651455e-12, -3.5648158228308036e-09, 9.994860004239749e-07, -2.798388313653006e-05, 0.4298432740332065, -6.648094781196142;
		0.0, 9.517284928541355e-10, -7.151349067356803e-07, 0.00020048130390065163, -0.005605227034784041, 86.7164009118607, -1311.4519277969582;
		0.0, 4.578239451955103e-09, -3.440252323362353e-06, 0.0009643199499164398, -0.02692468879245828, 419.4856381032296, -6200.818694498669;
		0.0, 1.5312770510771507e-11, -1.1506989247572745e-08, 3.2250506793796844e-06, -8.992856694674682e-05, 1.4108349109286735, -20.375214486553336;
		0.0, 1.441609420504361e-10, -1.0833557839636982e-07, 3.035912306773805e-05, -0.0008454780874454452, 13.355130591024714, -188.3549897273111;
		0.0, 1.0648501169113672e-09, -8.002528310889733e-07, 0.00022422719024908305, -0.00623695968579165, 99.18421132803516, -1365.4627796122609;
		0.0, 1.7737433173847353e-10, -1.3330444224085655e-07, 3.734638476401588e-05, -0.0010375838351592607, 16.610196029215924, -223.11117471773264;
		0.0, 3.6101861509020374e-12, -2.7133052427573614e-09, 7.600563101411671e-07, -2.1092484721240113e-05, 0.3398763822466567, -4.452189643273683;
		0.0, 4.135337315404377e-11, -3.108103686983915e-08, 8.705352689727359e-06, -0.00024131921129536316, 3.9137064914417334, -49.97346714958151;
		0.0, 2.2827419501422428e-11, -1.715763386154369e-08, 4.80499511612246e-06, -0.00013305679470849502, 2.171699392400071, -27.017042203339273;
		0.0, 5.759720630355649e-11, -4.3293106296207504e-08, 1.2122723958686882e-05, -0.0003353487200016362, 5.507958091401977, -66.72665666554923;
		0.0, 1.1846748483765702e-11, -8.905005951237878e-09, 2.4932348732239368e-06, -6.89008322220745e-05, 1.1387192714535936, -13.426904716025366;
		0.0, 3.360866644098257e-10, -2.5264178869244043e-07, 7.072672488439069e-05, -0.001952633469297146, 32.46983330059092, -372.4471573450735;
		0.0, 1.678761187148477e-10, -1.262010724156295e-07, 3.5325879690123024e-05, -0.0009743516749079395, 16.300957728815746, -181.79984562394196;
		0.0, 3.416286698070843e-10, -2.5683270842470103e-07, 7.188437574559999e-05, -0.001980848520220692, 33.33954333747449, -361.32962860364773;
		0.0, 2.8403102613062775e-10, -2.1354308063872337e-07, 5.976222875392907e-05, -0.0016452970266868539, 27.857288328349377, -293.2299475821419;
		0.0, 6.4297864077524774e-12, -4.8343935444375894e-09, 1.3528312237210568e-06, -3.721064455237831e-05, 0.6337605267708928, -6.475575584728534;
		0.0, 2.1869326071627073e-12, -1.6444050906696138e-09, 4.601233602215072e-07, -1.2644672144371468e-05, 0.21662501046132296, -2.147331515242831;
		0.0, 4.414932180472061e-12, -3.3199222331301578e-09, 9.288833533829388e-07, -2.550388932834922e-05, 0.4394730811591065, -4.223875805258865;
		0.0, 1.438402990704053e-11, -1.0817267418421965e-08, 3.0263755172835904e-06, -8.301956159952133e-05, 1.4388493195860264, -13.400729225529656;
		0.0, 2.4232011363227584e-11, -1.8224788402359015e-08, 5.098522281316456e-06, -0.00013973759833281983, 2.435811399823975, -21.97024765845212;
		0.0, 8.566839939875934e-10, -6.443663214359107e-07, 0.00018025865309667422, -0.004935982590203286, 86.53432030314893, -755.4368006792076;
		0.0, 1.28382896925347e-10, -9.657435749305044e-08, 2.7015425137906424e-05, -0.0007390832550412567, 13.031182467440745, -110.0397809001586;
		0.0, 3.0594938865848594e-11, -2.301708263729062e-08, 6.438615928091921e-06, -0.00017598351218987357, 3.120555190942665, -25.47357718493619;
		0.0, 1.8072217178945284e-10, -1.359758953547989e-07, 3.803665774685125e-05, -0.0010386562791421998, 18.52240356165057, -146.07718342868898;
		0.0, 3.307946082911989e-11, -2.4892166562442892e-08, 6.963178793030399e-06, -0.00018995795873042934, 3.4068047063940154, -25.941405996238384;
		0.0, 1.5164195576565684e-12, -1.1412524474249263e-09, 3.192549808550639e-07, -8.70075389958387e-06, 0.15693217305994803, -1.153070931857944;
		0.0, 8.248315063706648e-12, -6.208547535912935e-09, 1.7368564337783412e-06, -4.728672134716023e-05, 0.8577550617797486, -6.077710085477468;
		0.0, 8.827814780047202e-11, -6.64576606073376e-08, 1.8592775040730996e-05, -0.0005056625907980629, 9.224864244312252, -62.99546737448883;
		0.0, 8.195009464149857e-13, -6.170399654910603e-10, 1.7264158041837324e-07, -4.6901522340559225e-06, 0.08605373356175448, -0.5660272523180545;
		0.0, 2.88257452040585e-10, -2.1708080688485966e-07, 6.074274364742343e-05, -0.001648324016186924, 30.417255693465687, -192.59981592568298;
		0.0, 1.2756978555899364e-10, -9.608843231554988e-08, 2.6890154852866653e-05, -0.0007288333739806488, 13.527384648402137, -82.40965316002672;
		0.0, 2.881780304087033e-10, -2.1710612007378853e-07, 6.076481265088712e-05, -0.0016449484498996978, 30.708736150963166, -179.89779169259558;
		0.0, 3.641142430515887e-10, -2.743737629335154e-07, 7.680502379619145e-05, -0.0020764989002549153, 38.992738891139346, -219.54982920494305;
		0.0, 1.2057298874049185e-10, -9.087713811178658e-08, 2.5443568438739316e-05, -0.0006869689764705777, 12.976341346888939, -70.1923629375703;
		0.0, 1.3065244079777385e-10, -9.849814091871584e-08, 2.758274132418704e-05, -0.0007436814626174319, 14.13149954254526, -73.4069412316223;
		0.0, 1.5603753486392053e-10, -1.1766629428681713e-07, 3.2957765970525014e-05, -0.0008872987649005371, 16.96221795375528, -84.58599511292095;
		0.0, 7.972485061151306e-10, -6.013618061571976e-07, 0.0001684799514866094, -0.00452890478374137, 87.10539026931662, -416.87720450859587;
		0.0, 6.050750237779497e-12, -4.5653855719264565e-09, 1.2794032082588746e-06, -3.4336354988797355e-05, 0.6644692512955265, -3.0514496475425985;
		0.0, 9.659586149303434e-11, -7.290545592577019e-08, 2.0437077137690374e-05, -0.0005475638010783632, 10.662430415077198, -46.980571374502915;
		0.0, 4.218369443221791e-12, -3.1848344514871498e-09, 8.930711022515117e-07, -2.3885662589285026e-05, 0.46805136669867303, -1.9788026772913496;
		0.0, 3.8994273973425546e-10, -2.9450421693259317e-07, 8.261199196230518e-05, -0.002205435618582502, 43.493195144213765, -176.4619854757763;
		0.0, 2.20631290240394e-11, -1.6669010521172138e-08, 4.6775551090872906e-06, -0.0001246358767464585, 2.473786920210416, -9.622134070730118;
		0.0, 6.094569253692804e-12, -4.604767665858708e-09, 1.2919822758251325e-06, -3.4380786646815944e-05, 0.686032788540358, -2.446002631486102;
		0.0, 8.877333540556089e-11, -6.706631375248013e-08, 1.8809829033177457e-05, -0.0005000661254497904, 10.02532410503774, -31.722184065071797;
		0.0, 7.275328668134347e-10, -5.49579555530886e-07, 0.00015407802952077974, -0.004092450791736045, 82.42555413578202, -227.67676665767382;
		0.0, 4.986044077811175e-09, -3.7660758565021854e-06, 0.001055424695976288, -0.028008295455569574, 566.6808783712033, -1337.0958599229111;
		0.0, 4.4245739451811426e-11, -3.3416306487242075e-08, 9.361018922286315e-06, -0.00024820777519032053, 5.0443749456208575, -9.86785495829674;
		0.0, 8.777145046298434e-11, -6.628167810113872e-08, 1.8560230900061822e-05, -0.0004917274210238847, 10.037457695036782, -15.582087573016857;
		0.0, 1.2678930455610765e-10, -9.573603905925764e-08, 2.6797207338046828e-05, -0.0007094064525038196, 14.54352343534626, -16.698907289234782;
		0.0, 2.022224376549898e-10, -1.526771720024601e-07, 4.271803790071506e-05, -0.0011300466935846721, 23.26562491578875, -17.300951505521;
		0.0, 7.617064924731598e-11, -5.750218363421086e-08, 1.6082164124308402e-05, -0.00042513291021152084, 8.789337718222802, -2.9799232082578744;
		0.0, 5.449244345428253e-12, -4.113226897945825e-09, 1.1499069121157253e-06, -3.0377264274172388e-05, 0.6306141602471862, 0.04200298719168626;
		0.0, 9.376983875979966e-12, -7.0772103828805885e-09, 1.9777250438171048e-06, -5.221289172133931e-05, 1.0882953981342736, 0.5122850977149092;
		0.0, 4.002826710267024e-10, -3.020767309377011e-07, 8.438075550741092e-05, -0.00222634539146947, 46.58945814185106, 40.7767335785108;
		0.0, 4.9543794604788914e-11, -3.738444756967338e-08, 1.043852308492985e-05, -0.0002752565831507357, 5.782714487640937, 7.400228883831578;
		0.0, 1.8078230390357463e-10, -1.363984314922457e-07, 3.806976529325494e-05, -0.0010033245132717605, 21.159631163587537, 35.62657366874953;
		0.0, 2.26376793391232e-11, -1.7078015495889497e-08, 4.764655056109689e-06, -0.0001255067368359906, 2.6569360561572393, 5.545725047701638;
		0.0, 1.605106553480054e-11, -1.2107709813976418e-08, 3.376605004108631e-06, -8.88999871747711e-05, 1.889030439495652, 4.704036149617115;
		0.0, 1.9534920899453676e-11, -1.4734085353489858e-08, 4.107398459239308e-06, -0.00010808989281172971, 2.305273283300199, 6.667622108086466;
		0.0, 3.051426180422441e-09, -2.3012749459334654e-06, 0.0006412668519410113, -0.01686801100428415, 361.0599385863316, 1189.20821129451;
		0.0, 7.42815175314583e-10, -5.601464629806244e-07, 0.00015602717158264007, -0.004102436845103172, 88.128140768414, 325.5384710780341;
		0.0, 3.7298306790389475e-11, -2.812329543400303e-08, 7.830598794454643e-06, -0.00020580789539170196, 4.436825945014223, 18.160196153177694;
		0.0, 2.6535362331251298e-11, -2.0005970972415133e-08, 5.5682740820671565e-06, -0.00014629222694278196, 3.1648337544802114, 14.212974502385073;
		0.0, 1.50028206009695e-11, -1.1310098054022678e-08, 3.1467464578585494e-06, -8.26424770794775e-05, 1.794052573438881, 8.768179888678173;
		0.0, 1.629026563441252e-11, -1.2279538154023369e-08, 3.4151861854853686e-06, -8.966101262091985e-05, 1.9530882794327902, 10.316656472661812;
		0.0, 4.844884283989465e-10, -3.651735708409305e-07, 0.00010152464219549112, -0.0026644918866835215, 58.23775052778441, 330.5200443944138;
		0.0, 1.4281086958867375e-11, -1.0763191835102658e-08, 2.9912725688034083e-06, -7.847977642643238e-05, 1.7211028786888345, 10.44126862288288;
		0.0, 1.3201150271537089e-11, -9.948496342948887e-09, 2.763874874237051e-06, -7.249087272328809e-05, 1.5950695739147869, 10.29752127363513;
		0.0, 1.705377897890295e-11, -1.2850919842943356e-08, 3.568984490405731e-06, -9.357855513162904e-05, 2.0659016322238766, 14.136725270569315;
		0.0, 2.037314545167904e-08, -1.5351178820842447e-05, 0.004261919918494891, -0.11171363637904924, 2474.3875869096933, 17883.95603507759;
		0.0, 2.743811714023403e-11, -2.0673328726587186e-08, 5.737610981396659e-06, -0.00015034990459150105, 3.3410706895977764, 25.424997087266032;
		0.0, 2.4573623254107622e-11, -1.851399789845216e-08, 5.13667577959867e-06, -0.00013456316588448996, 3.0000184380385515, 23.968344128169875;
		0.0, 9.284246689871853e-10, -6.994477487757879e-07, 0.00019400055657549714, -0.0050806484389227845, 113.63912621848694, 950.7154177796263;
		0.0, 2.5298347162238484e-10, -1.9058161687170012e-07, 5.284440485206988e-05, -0.0013835226989266914, 31.045838239402812, 271.3349994739707;
		0.0, 1.2293803696274388e-09, -9.261010941836865e-07, 0.00025671527841356377, -0.006719058877344174, 151.26305272849265, 1378.0548051430496;
		0.0, 1.7650013244641574e-10, -1.329546180742376e-07, 3.684488170574646e-05, -0.0009640522597643012, 21.773731274192276, 206.35992165420555;
		0.0, 4.450198356700276e-11, -3.3521789693025373e-08, 9.287241444160252e-06, -0.00024292553501252244, 5.504469696738092, 54.16992280905206;
		0.0, 8.827757720446076e-12, -6.649529992863322e-09, 1.8417972358239624e-06, -4.816000818665158e-05, 1.094819944320261, 11.168249214276752;
		0.0, 6.800038803404636e-11, -5.122101247618114e-08, 1.418392437895613e-05, -0.00037076101146636854, 8.456089635631296, 89.27033769156738;
		0.0, 1.1046900217442395e-11, -8.32102789466348e-09, 2.303714339066056e-06, -6.0196683457728764e-05, 1.3774459809131558, 15.026269388329197;
		0.0, 7.467125610933219e-12, -5.624624599724186e-09, 1.5568793755323504e-06, -4.0666585733476776e-05, 0.9336305473794129, 10.50926685200235;
		0.0, 7.005369633570087e-11, -5.276895736596992e-08, 1.4603477200485752e-05, -0.0003813021825498201, 8.78319439022449, 101.87995590529147;
		0.0, 1.512461385210883e-10, -1.1393132605270073e-07, 3.152420382812809e-05, -0.0008227691188905011, 19.01600507343947, 227.00905219300247;
		0.0, 1.5983928105113203e-11, -1.2040871128240583e-08, 3.331111543795256e-06, -8.690272792400647e-05, 2.0153327194269197, 24.73068565683132;
		0.0, 1.0683653765580311e-10, -8.048483425554091e-08, 2.226296469354534e-05, -0.0005805320754390514, 13.509127397998121, 170.20997152989466;
		0.0, 1.069300004262757e-10, -8.055975039723893e-08, 2.228087945928998e-05, -0.0005807137706573735, 13.560269779195, 175.2349826751961;
		0.0, 1.1603129055725148e-09, -8.74223461023203e-07, 0.00024176292054200988, -0.006297853562692885, 147.57845878962954, 1953.9743287549302;
		0.0, 1.4765108323727622e-11, -1.1125449151800486e-08, 3.076422579572156e-06, -8.009540596900452e-05, 1.8835758786643633, 25.526304612946046;
		0.0, 5.210541336840143e-10, -3.926469346579874e-07, 0.00010856759355449794, -0.002824914151861155, 66.6727583397959, 923.9435160990306;
		0.0, 3.196637483182675e-11, -2.4091077087045922e-08, 6.6608919727549225e-06, -0.00017320662992250093, 4.102982237903621, 58.088213338077715;
		0.0, 3.5070974717979894e-11, -2.6433781425031597e-08, 7.308403394710088e-06, -0.00018991725237593447, 4.5156212300733065, 65.25449347282839;
		0.0, 2.2059469396056016e-11, -1.6628782593452114e-08, 4.597479881161428e-06, -0.0001193859589777499, 2.849390837786131, 41.99288246621229;
		0.0, 3.028029544611825e-11, -2.2828898116689528e-08, 6.311752385540564e-06, -0.00016377806719047807, 3.924005723667503, 58.92789165982763;
		0.0, 1.8831885018713777e-10, -1.4199847191390976e-07, 3.9261231478676866e-05, -0.0010179392894646019, 24.485105981887678, 374.3773366820019;
		0.0, 2.0638665180174738e-10, -1.5564754839991416e-07, 4.3037564663026496e-05, -0.0011149020488143882, 26.925007170516476, 418.8298268730236;
		0.0, 1.126370531614247e-11, -8.496083377894983e-09, 2.3494143864955814e-06, -6.080759770108295e-05, 1.4745191948397405, 23.316936219939116;
		0.0, 5.460262211054943e-10, -4.119399141168191e-07, 0.00011392542048120658, -0.0029458126331231246, 71.73106276240823, 1152.2375346081772;
		0.0, 4.0793814831687984e-10, -3.0782497461599185e-07, 8.514267584170703e-05, -0.0021993496333433723, 53.78283485139156, 876.9461353493577;
		0.0, 1.6322115906080272e-10, -1.2319174410096512e-07, 3.4079467176827534e-05, -0.000879382187813471, 21.598006765294162, 357.21049616893305;
		0.0, 3.9548674127672074e-12, -2.985652995593303e-09, 8.260943631507806e-07, -2.1292517029718283e-05, 0.5252795614896941, 8.805911668527532;
		0.0, 1.3221271252596888e-11, -9.983656815805506e-09, 2.7629352766666127e-06, -7.1130228651961e-05, 1.7627374098452213, 29.932456774571424;
		0.0, 0.0, -7.060867390830465e-06, 0.004130041945169637, -0.14439294403146746, 4523.42298990723, -102248.06348933853;
		0.0, 1.8881730908170768e-10, -1.426584246434461e-07, 3.949991411584031e-05, -0.0010143084135899646, 25.373280021581664, 441.14399144952034;
		0.0, 3.249243839433299e-11, -2.4556609864750237e-08, 6.801341704113623e-06, -0.00017440989012725708, 4.3841342511014885, 77.05008422030726;
		0.0, 3.0942070084783673e-10, -2.339233123487809e-07, 6.480970152431788e-05, -0.0016595483172802904, 41.92345440734952, 744.2900710699734;
		0.0, 1.2116133374832865e-10, -9.162921636058708e-08, 2.5395341080340543e-05, -0.000649302985995956, 16.486126136200046, 295.4687684555713;
		0.0, 6.323794700414617e-11, -4.784112767652078e-08, 1.3264427606601376e-05, -0.000338606035212658, 8.6421318334379, 156.25572375658325;
		0.0, 1.366216599334708e-11, -1.0338711840885109e-08, 2.8672369192055436e-06, -7.308681948772589e-05, 1.8743423085725397, 34.280541345448746;
		0.0, 2.1115923975488544e-11, -1.5977481643838368e-08, 4.428941829044024e-06, -0.00011283158427558244, 2.900845877677471, 54.449742135760616;
		0.0, 1.8162666382049582e-09, -1.3740640325839315e-06, 0.0003806732586834582, -0.009693862570634124, 249.76248533492173, 4817.297562805406;
		0.0, 4.532563548544441e-11, -3.428465223900847e-08, 9.492873727687523e-06, -0.00024163853994670876, 6.238920542703469, 123.5749967028597;
		0.0, 1.2806448769945339e-10, -9.685286401945116e-08, 2.6801673329302907e-05, -0.0006819688537074068, 17.64402099877351, 358.68558209706964;
		0.0, 5.065757257494808e-10, -3.830500150157546e-07, 0.00010593889078130186, -0.002694648106939245, 69.85574524838435, 1456.7151133154123;
		0.0, 1.6735921292737674e-11, -1.2652830610342191e-08, 3.4973359911285764e-06, -8.892786193670832e-05, 2.3098441303115465, 49.383338986207946;
		0.0, 1.9510636652384933e-11, -1.4748101249032127e-08, 4.074129447050702e-06, -0.0001035616119843999, 2.6950480053872927, 59.04290428308455;
		0.0, 3.641266569861098e-10, -2.7519687402608143e-07, 7.597850948983644e-05, -0.001930757513570584, 50.33811442305587, 1129.5026887840968;
		0.0, 6.892103788429816e-11, -5.20797615785037e-08, 1.4370253475784624e-05, -0.0003650763098829639, 9.535279875038002, 219.03141638384392;
		0.0, 3.789194326195282e-10, -2.862794409866847e-07, 7.894663279826503e-05, -0.0020051380222314806, 52.46313964220815, 1233.1320155793157;
		0.0, 4.3302055653748774e-11, -3.270979393147865e-08, 9.015069838240675e-06, -0.00022891801653717874, 5.999710338004672, 144.23661236520002;
		0.0, 1.07347343308643e-10, -8.10749535527426e-08, 2.233191435903309e-05, -0.0005669513438659739, 14.883912678967356, 365.81764643035984;
		0.0, 4.026204865958471e-12, -3.0403073533883243e-09, 8.369602911440716e-07, -2.1244280377918543e-05, 0.5586188689687427, 14.030865698500579;
		0.0, 1.0968914658835046e-10, -8.281552737751839e-08, 2.2784929593114535e-05, -0.0005782431177230615, 15.228888258772079, 390.73449179183814;
		0.0, 5.830632708869347e-11, -4.401397213013485e-08, 1.2102511890689306e-05, -0.0003070943403251364, 8.100207878589993, 212.21868204336135;
		0.0, 1.2411437450664373e-11, -9.367509325716877e-09, 2.574297929513194e-06, -6.531249957293265e-05, 1.7253230490432065, 46.13869680134006;
		0.0, 8.336091771921097e-12, -6.290601842681625e-09, 1.727736196044674e-06, -4.3829201399197216e-05, 1.1595013327443207, 31.638181452529196;
		0.0, 1.7822648464205756e-09, -1.344714639791859e-06, 0.0003691194002695393, -0.009362863696675367, 248.04726900629942, 6903.392139879847;
		0.0, 2.6805543070738138e-11, -2.0221406818613212e-08, 5.547544384204972e-06, -0.00014070358971119318, 3.732795579606002, 105.9243874438006;
		0.0, 1.846217322032366e-11, -1.392512618026182e-08, 3.818057778337173e-06, -9.683133626981844e-05, 2.5723742551626168, 74.4011388993391;
		0.0, 1.5850475480296324e-11, -1.1953331564059271e-08, 3.2755760329629468e-06, -8.306848637086585e-05, 2.2096852303907744, 65.1197921005685;
		0.0, 1.0283898098308054e-11, -7.754176664208177e-09, 2.123691319070915e-06, -5.385438391375395e-05, 1.4344273050270258, 43.05807947317807;
		0.0, 1.0809797037188223e-09, -8.14943897807506e-07, 0.00022307051708808404, -0.0056566385368597046, 150.8577261082878, 4611.016132843047;
		0.0, 3.869291413436127e-10, -2.916586639495914e-07, 7.979028253387952e-05, -0.0020232892772074807, 54.02662421510786, 1680.940953438143;
		0.0, 2.013502039504865e-10, -1.517504404812289e-07, 4.14923287476533e-05, -0.0010521369598208111, 28.12890132610871, 890.5909399624933;
		0.0, 1.282166181397207e-10, -9.661794825100654e-08, 2.6403443358452234e-05, -0.000669523597500783, 17.92122828258553, 577.2211415376664;
		0.0, 4.815259001389521e-11, -3.6280234455304435e-08, 9.909236189068713e-06, -0.0002512756637191695, 6.733880180555772, 220.5762152671991;
		0.0, 5.452100917038535e-10, -4.107264073659711e-07, 0.000112122451089652, -0.0028432259645023348, 76.28373366541862, 2540.4849629474884;
		0.0, 1.6568921080052392e-11, -1.248023464904108e-08, 3.4051424620521733e-06, -8.635070136402668e-05, 2.3194527103337075, 78.51200804982331;
		0.0, 3.980567172283889e-11, -2.9978836603173036e-08, 8.175281357643154e-06, -0.00020732317762156555, 5.575206611488002, 191.75834398956056;
		0.0, 2.194079479035503e-11, -1.6522094854018088e-08, 4.503306242960581e-06, -0.00011420723355301831, 3.0746490314509898, 107.42612913059772;
		0.0, 9.60329982509772e-10, -7.230659258322158e-07, 0.00019698170498864655, -0.004995822469524452, 134.64619388139707, 4777.598394665823;
		0.0, 1.4061554153625507e-12, -1.0586128022745118e-09, 2.8825049638644825e-07, -7.310913474591636e-06, 0.1972609656390674, 7.106241901721513;
		0.0, 1.1393150498015764e-09, -8.576220314433187e-07, 0.00023340882407158693, -0.005920255052866706, 159.91553694921302, 5847.310826516925;
		0.0, 3.9497408310635986e-10, -2.9728359361730124e-07, 8.086943082871163e-05, -0.0020513028103589155, 55.47024651744107, 2058.149667050065;
		0.0, 1.198453338961179e-10, -9.019360266453452e-08, 2.4523648399741697e-05, -0.0006220895240979322, 16.84083538487577, 633.8961296678322;
		0.0, 3.695984469983599e-12, -2.781244199904131e-09, 7.558721740811324e-07, -1.9175130134091676e-05, 0.5196739062507466, 19.83856818575193;
		0.0, 4.6537974356575934e-10, -3.5016520070613296e-07, 9.512314120456877e-05, -0.002413223251414393, 65.47482723260275, 2534.3563172798395;
		0.0, 4.0556528891164004e-10, -3.051301324213442e-07, 8.285268354333409e-05, -0.0021020258631210785, 57.09561521895545, 2240.2655106756242;
		0.0, 4.1865356336302486e-11, -3.149490100266684e-08, 8.548195424383502e-06, -0.00021688242601423854, 5.897684327682101, 234.5159842682097;
		0.0, 5.274778320114461e-12, -3.967831617027917e-09, 1.0764770063441453e-06, -2.7313096680156486e-05, 0.7435776194721914, 29.957321147846;
		0.0, 1.1783101153227381e-11, -8.862876350810836e-09, 2.4035231386186413e-06, -6.098570803463529e-05, 1.6622199873596388, 67.83336711870473;
		0.0, 3.0793190968298566e-11, -2.3159995599043252e-08, 6.278258242874335e-06, -0.0001593049993981813, 4.3471330647540425, 179.65067833065618;
		0.0, 2.0529366339658065e-10, -1.5439407861744908e-07, 4.183728358512359e-05, -0.0010615989203722543, 29.003885989426088, 1213.5209831276575;
		0.0, 5.158373291325025e-10, -3.8791975945581947e-07, 0.00010507807338515699, -0.002666316190551622, 72.93564267168875, 3088.8070954091177;
		0.0, 1.6972997413416817e-11, -1.2763359809038653e-08, 3.4560395348218753e-06, -8.769545213595202e-05, 2.4018706250580246, 102.93200253717103;
		0.0, 3.161579043227738e-11, -2.3773320525167687e-08, 6.435039939078245e-06, -0.00016328318128437896, 4.47785525661436, 194.14492351211808;
		0.0, 3.4713226522440064e-10, -2.61013829361315e-07, 7.062834002290424e-05, -0.0017920750597140898, 49.21019112396071, 2158.030953573865;
		0.0, 4.2168230655142594e-12, -3.170587561237688e-09, 8.576602488689854e-07, -2.1760723792722505e-05, 0.5983530110901073, 26.533997438790717;
		0.0, 9.885758241187023e-11, -7.432814797762452e-08, 2.009994752732964e-05, -0.0005099493988141419, 14.041472432371725, 629.5023247093732;
		0.0, 9.197661124307059e-10, -6.915329704894485e-07, 0.00018695057347670348, -0.00474270181831004, 130.77663633988658, 5925.8599505192715;
		0.0, 1.9293594395684414e-11, -1.4505881743963681e-08, 3.920457840729303e-06, -9.944775088021616e-05, 2.746228699306733, 125.74517085114674;
		0.0, 1.2995396178078502e-08, -9.770558492428748e-06, 0.002639959964274089, -0.06695860612888183, 1851.8478766262365, 85662.48687211318;
		0.0, 1.6394579507122658e-10, -1.2326292469278504e-07, 3.329679365290505e-05, -0.0008444103617474244, 23.390020164127147, 1092.8091157304061;
		0.0, 6.983531716469392e-12, -5.2506512769780885e-09, 1.418018925727e-06, -3.5955552488413374e-05, 0.9975699857401232, 47.06334433066203;
		0.0, 2.7199526675221916e-10, -2.0450735811076827e-07, 5.5218395437446485e-05, -0.0013998797800122802, 38.9037961526869, 1852.910147191182;
		0.0, 1.0243623279341762e-09, -7.702193704123105e-07, 0.00020792298993970647, -0.005270140175990939, 146.71411832902177, 7052.687485443916;
		0.0, 1.083587920134467e-11, -8.147831157813453e-09, 2.199129012048586e-06, -5.5727840783063354e-05, 1.554162123955722, 75.38705633654045;
		0.0, 1.382751693147051e-10, -1.0397837291827114e-07, 2.805950101482616e-05, -0.0007108729901978502, 19.86175640207871, 971.9248045778795;
		0.0, 7.351951637597275e-12, -5.528742372135848e-09, 1.4917609311558938e-06, -3.7782437802207564e-05, 1.0576584704487422, 52.20019915766821;
		0.0, 2.9337367200146376e-11, -2.2063470522019647e-08, 5.952379468598142e-06, -0.00015071196247740736, 4.227295800189396, 210.37662822920498;
		0.0, 0.0, -1.9470263582907523e-07, 0.00011530802704775965, -0.0038756774848265037, 159.86983427381705, -1544.8336253682432;
		0.0, 9.866245364140988e-11, -7.421216801359601e-08, 2.0017241685250482e-05, -0.0005064715840328877, 14.265352239346404, 721.3104014446637;
		0.0, 3.2491376079949645e-11, -2.44417905793312e-08, 6.5922079046198156e-06, -0.0001667278400001591, 4.706423649904207, 239.7876122614989;
		0.0, 1.0979356673632326e-08, -8.260151153170206e-06, 0.002227734116266225, -0.05631871277727196, 1593.4029405899632, 81780.94509837436;
		0.0, 0.0, -1.764437392598024e-06, 0.0010457830006033871, -0.035080802215540025, 1467.1312853893194, -13345.510528411924;
		0.0, 5.019405914427913e-10, -3.777194849443409e-07, 0.0001018653107520631, -0.0025727350995936025, 73.14017714008651, 3806.6938854939513;
		0.0, 2.337692832690331e-10, -1.7593998153519926e-07, 4.744888135909188e-05, -0.0011977358788954873, 34.136776548144965, 1788.4954992450582;
		0.0, 3.816635513123744e-11, -2.8729142809644325e-08, 7.748151380319419e-06, -0.00019547151730706035, 5.58579137531142, 294.52060224642827;
		0.0, 8.914179430833301e-12, -6.7110916253819295e-09, 1.8100567571354312e-06, -4.5636386117865066e-05, 1.3076534552991441, 69.37157511766421;
		0.0, 0.0, -7.111182548288492e-08, 4.2194840193297595e-05, -0.0014115458603242512, 60.06175144315374, -508.26143188549736;
		0.0, 4.02922248633472e-10, -3.034504719546348e-07, 8.185845925534099e-05, -0.002061096383555308, 59.39718334234164, 3187.459708332589;
		0.0, 8.522652304669776e-11, -6.419874631482522e-08, 1.7320318624232792e-05, -0.0004357845588484634, 12.596435010831106, 679.6051768993242;
		0.0, 2.216989819576507e-11, -1.670347179139209e-08, 4.507140304772045e-06, -0.00011331334464304254, 3.2855723606529907, 178.16957317346186;
		0.0, 2.806302369497743e-10, -2.1148172743036574e-07, 5.707433032211689e-05, -0.0014337187735755257, 41.705404327475335, 2272.624716822344;
		0.0, 2.9976971930726734e-12, -2.2595805108533338e-09, 6.099318657037853e-07, -1.5308396221224684e-05, 0.44679114248338375, 24.458740932413964;
		0.0, 1.4852682060618665e-10, -1.1198305632782924e-07, 3.0234473075848368e-05, -0.0007581524745501305, 22.203739516452256, 1220.7760137140863;
		0.0, 2.0210445758358488e-10, -1.5241809477855828e-07, 4.1161811696892806e-05, -0.0010311803212689212, 30.30736242443185, 1673.106004097644;
		0.0, 1.0793618543191013e-10, -8.142294969628417e-08, 2.1995007282760344e-05, -0.0005504654254809651, 16.238195030147917, 899.8348352680114;
		0.0, 5.017241711976711e-12, -3.785908083183309e-09, 1.0230067437907779e-06, -2.5575838310988123e-05, 0.7573264490203878, 42.11533272044911;
		0.0, 0.0, -1.1709434308152617e-05, 0.00696643850987746, -0.23150933490313827, 10202.9419909237, -76283.38241365468;
		0.0, 6.82833132030349e-10, -5.155715801838317e-07, 0.0001394106181116612, -0.003477567218954534, 103.79525775193021, 5808.213757725231;
		0.0, 2.07622189276516e-11, -1.568167744864067e-08, 4.241966270569306e-06, -0.00010568886082065043, 3.1676435972401245, 177.73562421077173;
		0.0, 1.1226759708479239e-10, -8.48250621266818e-08, 2.2955111827991907e-05, -0.0005712184407047112, 17.193699662679318, 967.0710508075138;
		0.0, 3.200141941271781e-10, -2.4187711787527087e-07, 6.548447582434982e-05, -0.0016274402684724916, 49.20118694745348, 2773.7565355144225;
		0.0, 3.216512043568384e-10, -2.431452268732399e-07, 6.581717528786831e-05, -0.0016344930047245674, 49.56150190506851, 2825.4909791161367;
		0.0, 1.1810186524536122e-09, -8.927517576522575e-07, 0.00024153455985820744, -0.005995786480616745, 182.17612263191222, 10555.660983221418;
		0.0, 3.6109630301810726e-10, -2.729524310087436e-07, 7.380814361139716e-05, -0.0018314849950380157, 55.7541998378296, 3283.1226032340446;
		0.0, 8.797454643237274e-12, -6.6497869697975306e-09, 1.7971643905171248e-06, -4.4578831156205966e-05, 1.3594921055534268, 81.3524698084173;
		0.0, 3.716306605300734e-10, -2.8089610736082883e-07, 7.587218252962894e-05, -0.0018813721925125355, 57.47003207171897, 3494.5252888619084;
		0.0, 3.1447398958259248e-12, -2.376835804757909e-09, 6.416334624709455e-07, -1.590523441232295e-05, 0.4865979705214026, 30.063300508640708;
		0.0, 5.5980754713678e-10, -4.2308763146874284e-07, 0.00011414673922882242, -0.0028287026138868066, 86.66143909397172, 5439.728870666538;
		0.0, 1.716275795174146e-11, -1.2970380856236293e-08, 3.4972433184865437e-06, -8.664235046248225e-05, 2.657799605571212, 169.4815840072234;
		0.0, 5.166243713730048e-12, -3.904015959951908e-09, 1.052008821347067e-06, -2.6056393015588263e-05, 0.8002115988788885, 51.83423139405508;
		0.0, 5.1687822064237186e-11, -3.905647478169199e-08, 1.0517934816149866e-05, -0.00026045094365384085, 8.006826744819458, 526.7988843794216;
		0.0, 3.703096380841367e-11, -2.7979185832305064e-08, 7.5300404064307045e-06, -0.00018642466819704937, 5.736242622970491, 383.304616803155;
		0.0, 1.0592749819644052e-12, -8.002786348899253e-10, 2.152403151288998e-07, -5.327830143999401e-06, 0.1640628242102615, 11.133120483665937;
		0.0, 2.0139778267076127e-10, -1.5214125005686428e-07, 4.089264484868532e-05, -0.0010120518580679625, 31.18493364172318, 2148.8092799809015;
		0.0, 2.3744591678115896e-10, -1.793552896560257e-07, 4.8175263710204795e-05, -0.0011921271984938451, 36.753096431489865, 2571.2711780871887;
		0.0, 1.9328768244148464e-11, -1.4598504348564106e-08, 3.918556296778861e-06, -9.695619980730251e-05, 2.9903624405200255, 212.38881739975596;
		0.0, 2.9149274872418705e-11, -2.2013251299379058e-08, 5.904811963706413e-06, -0.0001460886940220304, 4.50702525595434, 324.9397776394959;
		0.0, 5.843104707711401e-10, -4.4121478004178365e-07, 0.00011826948826413446, -0.0029258648053589013, 90.28212357143401, 6606.466151564552;
		0.0, 4.150821073787992e-10, -3.133921717712419e-07, 8.394764418086761e-05, -0.002076686599939947, 64.08293945617164, 4758.958587647153;
		0.0, 8.614519341470787e-11, -6.50325556066119e-08, 1.740788741654015e-05, -0.00043062497169027864, 13.287561434283923, 1001.2963808252264;
		0.0, 7.869832228926878e-11, -5.9403077130375246e-08, 1.588973344973491e-05, -0.0003930702658184266, 12.126699011257148, 927.1527466572478;
		0.0, 2.51864172275518e-11, -1.9008666696810186e-08, 5.081003314612263e-06, -0.00012569354833438825, 3.8767191993664856, 300.68133455228224;
		0.0, 2.412268464448245e-10, -1.8203334374936256e-07, 4.862246913705301e-05, -0.001202873206693617, 37.08548338569583, 2917.5566761334862;
		0.0, 2.082401316088777e-11, -1.5711879420734887e-08, 4.193733500808859e-06, -0.00010375575780730597, 3.197304580627204, 255.0999925984075;
		0.0, 1.939162062662959e-11, -1.4629002224552088e-08, 3.901869441076254e-06, -9.654319478956946e-05, 2.9732909208363325, 240.5529445269682;
		0.0, 1.0573289941987752e-10, -7.975285014564762e-08, 2.1256343472582784e-05, -0.000525997653022803, 16.18829027585822, 1327.868210724483;
		0.0, 2.4774096968904418e-11, -1.8683925414455027e-08, 4.976158063278915e-06, -0.00012315280704717926, 3.7872321752410385, 314.9111741782994;
		0.0, 1.6157609104364746e-11, -1.2183736208822796e-08, 3.2425742129669454e-06, -8.026076804426227e-05, 2.4660498228860166, 207.8305469000866;
		0.0, 3.071040467076097e-10, -2.3153729984689503e-07, 6.157631977346699e-05, -0.0015243977258448706, 46.79286535812909, 3996.282904506953;
		0.0, 3.362564689392601e-11, -2.534762375903794e-08, 6.736180731457902e-06, -0.0001667927901644592, 5.114522608654749, 442.5633675103455;
		0.0, 2.491051935402976e-10, -1.8774991880212524e-07, 4.985865516116433e-05, -0.0012347824706179658, 37.820734457454435, 3315.256853862823;
		0.0, 5.735779690397334e-11, -4.322342646230202e-08, 1.1470050859803242e-05, -0.0002841245031842273, 8.692144466038735, 771.7053308692472;
		0.0, 8.304312873322702e-10, -6.256906924044365e-07, 0.00016591764121597798, -0.004110892707980587, 125.60357853747144, 11292.290216745016;
		0.0, 2.5919175311072716e-11, -1.9525673798887026e-08, 5.174010019034983e-06, -0.00012822639141158817, 3.912565079714071, 356.1338246646755;
		0.0, 4.320299303864997e-12, -3.2540730575474133e-09, 8.616659825399997e-07, -2.1360022863038823e-05, 0.6508438620912957, 59.967183310856285;
		0.0, 1.9829903721507817e-12, -1.4933532828874852e-09, 3.951545089237873e-07, -9.798236757945546e-06, 0.2981182493896146, 27.798538987788174;
		0.0, 4.134582055361046e-11, -3.1131645562454196e-08, 8.231934777333164e-06, -0.00020417678494322655, 6.202820522454124, 585.232036240376;
		0.0, 1.2019466901061885e-11, -9.048659330078022e-09, 2.3910160076364447e-06, -5.9321906346356754e-05, 1.799362856808967, 171.73948631568388;
		0.0, 1.206617076550946e-11, -9.082332147861148e-09, 2.398266692055991e-06, -5.951997042401217e-05, 1.80247040829543, 173.99467630459716;
		0.0, 2.515877404898415e-10, -1.893418382739503e-07, 4.9963419078484435e-05, -0.0012403774674039471, 37.50109583148713, 3660.4161194043563;
		0.0, 1.911980922374462e-11, -1.4387004335075841e-08, 3.793896092992227e-06, -9.42165346964538e-05, 2.8437216555024287, 280.60265782364985;
		0.0, 2.715138082771501e-10, -2.042721113066837e-07, 5.38316879653656e-05, -0.0013372811475691698, 40.29396397858468, 4018.462917384654;
		0.0, 6.329346882585177e-11, -4.7610978695643015e-08, 1.253875844510432e-05, -0.00031159094737048863, 9.372361848499374, 944.4506067228878;
		0.0, 1.5079865318634156e-10, -1.1341683789924166e-07, 2.9850278407736386e-05, -0.0007420382695614292, 22.280723236166434, 2268.1015414693816;
		0.0, 1.0316977839298186e-09, -7.758278767173375e-07, 0.00020406331053973885, -0.005074486249389492, 152.09957567584917, 15637.036986604573;
		0.0, 2.100507628908161e-11, -1.5793232810586915e-08, 4.151498459887546e-06, -0.00010327196064992453, 3.089923977721074, 320.741628218762;
		0.0, 1.4715316405475331e-12, -1.106245235410964e-09, 2.9061993511605857e-07, -7.231925889402959e-06, 0.21599689636242983, 22.63194490055353;
		0.0, 3.338483186067871e-10, -2.509385387737246e-07, 6.588517933779812e-05, -0.0016400895266021418, 48.89792665381668, 5170.287629639942;
		0.0, 3.604448028162572e-13, -2.708910183710827e-10, 7.108332068101823e-08, -1.770102513448404e-06, 0.05268097716633931, 5.619653520514202;
		0.0, 1.548472684903846e-10, -1.1635861151609058e-07, 3.0516245224359564e-05, -0.0007601720884389162, 22.584238605500925, 2429.8056958263596;
		0.0, 1.825617490362571e-11, -1.3716568436659936e-08, 3.5953774373749414e-06, -8.959301913751711e-05, 2.657135301827658, 288.2484358182416;
		0.0, 4.638423868802992e-12, -3.4845645323511152e-09, 9.128959273589704e-07, -2.2756115190957962e-05, 0.6737421952458383, 73.67305961063896;
		0.0, 0.0, -4.905028970090188e-07, 0.0002927282998467481, -0.009517050833957475, 508.156640676751, 4188.449129332489;
		0.0, 7.328155913740644e-10, -5.503801902324901e-07, 0.00014404747490105797, -0.0035931037124166797, 106.0269625993587, 11769.851836782587;
		0.0, 9.611829828291339e-12, -7.218085661540841e-09, 1.8882601882842867e-06, -4.7115651150005625e-05, 1.3880690872701282, 155.18126239828433;
		0.0, 3.4546721114557094e-10, -2.594015689421937e-07, 6.782932339459099e-05, -0.0016929983815350152, 49.79895185382921, 5605.171782351898;
		0.0, 6.223748849555276e-11, -4.6727193916545637e-08, 1.2213161614305536e-05, -0.00030492914018404266, 8.95573035803342, 1014.5536371850385;
		0.0, 7.280001435242383e-12, -5.465162872296641e-09, 1.4278534603925577e-06, -3.566004308601441e-05, 1.045790995776207, 119.20303272592686;
		0.0, 9.463101529046167e-10, -7.103319256771526e-07, 0.00018551233606463351, -0.004634401553578441, 135.71944364208827, 15560.167078504694;
		0.0, 9.588554574040756e-12, -7.196800328821867e-09, 1.8788446844058361e-06, -4.694931729733241e-05, 1.373059577181708, 158.28905469978855;
		0.0, 5.085728457586277e-12, -3.816807299381009e-09, 9.960950019330094e-07, -2.4897238860851846e-05, 0.7271949777064304, 84.26747226199787;
		0.0, 7.773671669165839e-12, -5.833597115315884e-09, 1.5219327036359324e-06, -3.804977120399636e-05, 1.109995132427391, 129.25109975331065;
		0.0, 2.838494151869711e-11, -2.1299225096719843e-08, 5.555085604697935e-06, -0.00013891442039998134, 4.047779003978988, 473.46674083673076;
		0.0, 6.983487144287211e-12, -5.239817842280636e-09, 1.3662203408946252e-06, -3.4172034333988795e-05, 0.9946573250375246, 116.83135800957693;
		0.0, 4.974851214190606e-11, -3.73245447247731e-08, 9.729408867255394e-06, -0.0002434015126166929, 7.0777167431590104, 834.535955443395;
		0.0, 3.364861682232504e-10, -2.5243803325442436e-07, 6.578759679786754e-05, -0.0016461163969704355, 47.822590908706665, 5658.513105566564;
		0.0, 0.0, -2.743679101058595e-06, 0.001636230903475478, -0.053211073024206, 2875.7690927157055, 29348.171013949493;
		0.0, 2.256081842576511e-12, -1.692374488105295e-09, 4.40869780702755e-07, -1.1034789950636737e-05, 0.3200754821790696, 38.098446285784846;
		0.0, 1.5749751821278032e-11, -1.1813983205725614e-08, 3.077073012851727e-06, -7.702801362911149e-05, 2.2328128600396524, 266.42398452516625;
		0.0, 2.942338037072537e-11, -2.206982565990953e-08, 5.747490013762537e-06, -0.0001438925728769448, 4.168662219922569, 498.46167859472695;
		0.0, 6.619327037360103e-11, -4.964855007524488e-08, 1.2928081671906074e-05, -0.00032369458541343373, 9.373214487821253, 1122.7552011025737;
		0.0, 1.8313433711948303e-12, -1.3735727530706629e-09, 3.5763320031253977e-07, -8.95513687553547e-06, 0.25921551017046324, 31.093205096073646;
		0.0, 1.9034264629102504e-10, -1.4276108489716314e-07, 3.716764320361316e-05, -0.0009307308864146814, 26.933303401348656, 3234.065325194589;
		0.0, 1.4510953039947458e-10, -1.0883392973452555e-07, 2.8333423561135067e-05, -0.000709536251412954, 20.528561370875735, 2466.709465327891;
		0.0, 1.5216657432156807e-10, -1.1412611146362759e-07, 2.971048899851055e-05, -0.000744034926498768, 21.524718453499187, 2587.2787785443466;
		0.0, 2.561638546134439e-11, -1.921249283649108e-08, 5.001600558436936e-06, -0.00012525413331127068, 3.6235839488137866, 435.54815103590715;
		0.0, 3.0964762770479435e-11, -2.3223974845683377e-08, 6.0460665888314305e-06, -0.0001514074081065687, 4.380640269651361, 526.347987687502;
		0.0, 1.277196957814467e-10, -9.579268437567408e-08, 2.4939646283394097e-05, -0.0006245212397127881, 18.072726837951585, 2169.9135973221655;
		0.0, 2.4858282229160755e-10, -1.864463906107327e-07, 4.854493655208266e-05, -0.0012155567361134534, 35.18675120943975, 4220.1462150899415;
		0.0, 8.443132594855548e-12, -6.332827083215479e-09, 1.6490357336328964e-06, -4.1288345204129566e-05, 1.1956391751965079, 143.1938163200418;
		0.0, 1.990289024979526e-12, -1.4928771765640365e-09, 3.8878494246343046e-07, -9.733405851619025e-06, 0.2819986215452383, 33.71269866382207;
		0.0, 0.0, -1.1321937342667172e-06, 0.0006751627311043174, -0.021957467854715158, 1187.5860321899936, 12278.796971450249;
		0.0, 3.2474884985154014e-10, -2.43607902543838e-07, 6.346194594653968e-05, -0.0015884030170395557, 46.07666273597221, 5482.967937677684;
		0.0, 3.741697562625074e-10, -2.806947930641767e-07, 7.313748832579282e-05, -0.0018302975063639493, 53.133602176119105, 6304.790984308361;
		0.0, 3.92789074602857e-11, -2.946792962769291e-08, 7.679785365052858e-06, -0.00019215760236014655, 5.583029062303959, 660.3705215523797;
		0.0, 2.764542861993708e-11, -2.0741526959188956e-08, 5.406845998246577e-06, -0.00013526084566917816, 3.9335589545939524, 463.6285517708328;
		0.0, 0.0, -3.602980064610517e-06, 0.0021489347296719118, -0.06987931659056983, 3770.262503797559, 37382.0561097442;
		0.0, 1.9271779486766133e-11, -1.446109313378835e-08, 3.7717375507750096e-06, -9.431655173385071e-05, 2.7485786205787934, 321.35321094212594;
		0.0, 1.0082330791902353e-10, -7.566149301321875e-08, 1.9740050496819495e-05, -0.0004935078081100318, 14.398493796260372, 1675.7803728827553;
		0.0, 2.2932833446384045e-11, -1.7211107124857218e-08, 4.491844473583097e-06, -0.00011226998593115365, 3.2795984959393674, 379.84063894594556;
		0.0, 5.970999327350283e-11, -4.4816460295396365e-08, 1.1700522746727185e-05, -0.0002923691983406472, 8.551689208451423, 985.3041461461999;
		0.0, 7.012652662440483e-10, -5.263985144248528e-07, 0.00013748122624879233, -0.003434406463245873, 100.59194746591545, 11525.966097820457;
		0.0, 4.694184998172598e-10, -3.5240053392798794e-07, 9.207363480640247e-05, -0.0022994313610735593, 67.44491334395153, 7682.789856706701;
		0.0, 1.8405002197771574e-11, -1.3818421309488678e-08, 3.6119014976379305e-06, -9.017644553052985e-05, 2.6488860584498495, 299.88209897886657;
		0.0, 3.9942827516299644e-12, -2.999229443282336e-09, 7.842861030827722e-07, -1.9574898926363962e-05, 0.5758819890078676, 64.77408927226838;
		0.0, 1.7002100838290372e-11, -1.2768029532168506e-08, 3.3402924812316603e-06, -8.334382608175096e-05, 2.4557924941678246, 274.3499584591191;
		0.0, 1.6614281860999172e-10, -1.2478294294597493e-07, 3.2660269533370804e-05, -0.0008146463500981047, 24.04306949765011, 2666.9549625111736;
		0.0, 1.4073354996119283e-11, -1.0571231162967026e-08, 2.7682289972054204e-06, -6.902537368164635e-05, 2.040555886532665, 224.675373336649;
		0.0, 3.788566892560403e-12, -2.8461576845234686e-09, 7.456842778048011e-07, -1.8587309295172604e-05, 0.5504137951856205, 60.13792636424617;
		0.0, 1.0261912176138187e-11, -7.710278948153605e-09, 2.0211249681933704e-06, -5.0362507122442594e-05, 1.4939126412616943, 161.92331685405242;
		0.0, 1.3539805565523562e-09, -1.0174514708082549e-06, 0.000266852412216916, -0.006647163196197441, 197.5191574400063, 21232.106521853875;
		0.0, 5.175682465762983e-10, -3.889823504961948e-07, 0.00010207714603072102, -0.002541812227643493, 75.66217974147138, 8063.799664167081;
		0.0, 0.0, -7.396718600425444e-07, 0.0004415778435968322, -0.014357496191794224, 760.8371284111456, 5437.59787315339;
		0.0, 6.473141495645166e-09, -4.8663536297817664e-06, 0.0012785112951172733, -0.031813932463132605, 950.367638887367, 99482.36493053711;
		0.0, 4.734783788930154e-10, -3.560031157155643e-07, 9.358692578362285e-05, -0.002327967865531197, 69.66634585756962, 7224.34839501317;
		0.0, 4.2665043209640507e-10, -3.20842620571403e-07, 8.439558330807558e-05, -0.002098607472100798, 62.91403659934907, 6461.455117754785;
		0.0, 2.4011124813831096e-11, -1.8059247023695193e-08, 4.7533427658084005e-06, -0.00011815755727159977, 3.548496058056585, 360.8464792036466;
		0.0, 5.19924323132526e-11, -3.911069008158303e-08, 1.0300826052189763e-05, -0.00025596876717151287, 7.700700737462368, 775.1650302275019;
		0.0, 3.2870633759734395e-13, -2.473047593113919e-10, 6.517650710541e-08, -1.6190516812948459e-06, 0.0487928433870997, 4.860696901329088;
		0.0, 2.369535051505996e-10, -1.78302437413108e-07, 4.702215304027482e-05, -0.001167694988497262, 35.25058562036052, 3474.4218238465337;
		0.0, 1.6671709732401693e-11, -1.2547137451951722e-08, 3.311165253529944e-06, -8.2199308396858e-05, 2.485614751309232, 242.3377405841834;
		0.0, 7.738263775985937e-11, -5.82477092666983e-08, 1.5381898172746173e-05, -0.0003817342210429191, 11.562196060441725, 1114.8046753629278
	];