	///////////////////////////////////
	// Borefield Constants //
	///////////////////////////////////
	parameter Real Kappa_agg_Constants[19, 7] = [
		0.0, -2.3055903437263422e-10, 1.8109946190795725e-07, -4.722960939624779e-05, 0.6374145064038155, 104.36859620424423, 30.150510516215945;
		0.0, 1.0177089572117308e-09, -7.490761414427932e-07, 0.00017675547527583058, 0.6402736234789433, 246.59072657761342, -105.41574754394124;
		0.0, -6.249536403189749e-12, 3.793418144593976e-09, -6.92078344690081e-07, 0.0059901525985363545, 2.4805020896002348, 0.9841882164117842;
		0.0, 8.50376996003401e-13, 2.462937041447993e-10, -1.7669479514843456e-07, 0.012545805100284312, 5.335842698825189, 1.8806257398211046;
		0.0, 2.634643005669456e-11, -1.01409874651572e-08, -7.098247880661017e-08, 0.3674195165877964, 156.0212116537368, 70.50836596733033;
		0.0, -9.966953008085281e-12, 7.484758745652048e-09, -2.729517065222258e-06, 0.3247354306221192, 136.77800501838323, 89.24705989809868;
		0.0, -6.164525273619123e-12, 4.367956816748996e-09, -1.1939317287988688e-06, 0.0567951871941729, 23.73805757975051, 23.158112020273936;
		0.0, -9.405003008322144e-12, 6.838560760939794e-09, -1.8348777888354575e-06, 0.04048985894257468, 16.765422233752417, 25.5587483761236;
		0.0, -6.9986542328535955e-12, 5.159908503753283e-09, -1.3949985964374309e-06, 0.014637936933056959, 5.780933556655773, 14.360091440223927;
		0.0, -1.896492916793876e-12, 1.4285399574212937e-09, -3.9726954097910866e-07, 0.002256173476863229, 0.6867841417856663, 2.8173793201862942;
		0.0, -3.153457707641194e-09, 2.4558031803325764e-06, -0.0007167750876430338, 2.505593581405818, 463.0974392154931, 3125.4020369801437;
		0.0, -2.762118501677494e-11, 2.2135689266898633e-08, -6.782284411818464e-06, 0.014619964684275535, 1.59150282775104, 18.233874862892964;
		0.0, -2.552004099275295e-09, 2.0127122816566705e-06, -0.0006119970016617932, 0.670604563413105, 44.53818636558299, 955.2711807039301;
		0.0, -1.1263874770286504e-07, 8.796324983361981e-05, -0.026155438465983637, 11.511720336041295, 434.0179236683234, 22158.769447043847;
		0.0, -1.3372709746010016e-08, 1.1009699382220546e-05, -0.0034444443448811007, 0.6346888988397793, 5.339813375491829, 1847.2712880691067;
		0.0, 1.2636211646462933e-12, 5.927893544411819e-10, -7.997106206256838e-07, 0.00022723454565243595, 0.0, 1;
		0.0, 1.9416683877123005e-08, -1.5100441812322041e-05, 0.004470288187098649, -0.12632447755477408, 18.397521551247046, -391.2534808746493;
		0.0, 8.27815686482514e-10, -6.516476254377699e-07, 0.00019269470618234338, -0.004734548430798178, 0.7490011061161065, 17.46157051181516;
		0.0, 1.9522201635203703e-09, -1.5023645564060053e-06, 0.00040866483448646934, -0.009941349522953696, 2.578373009497587, 351.49995435283967
	];
	parameter Real Gamma_Constants[7] = {0.0, -6.200942006433309e-09, 4.644130960912377e-06, 0.00039956677788430327, 0.09691479446409182, 29.644583671135113, -157.36921716441498};
	parameter Real Xi_Ext_Constants[7] = {0.0, -1.440580136524404e-08, 1.07455798487692e-05, 0.0010591506869312196, 1.284734125388813, 70.54699268552943, -76.0400821594004};
	parameter Real Xi_Inj_Constants[7] = {0.0, -1.440580136524404e-08, 1.07455798487692e-05, 0.0010591506869312196, 1.284734125388813, 70.54699268552943, -76.0400821594004};
	parameter Real Kappa_L3_Constants[480, 7] = [
		0.0, -1.1317323060808514e-11, 8.385980370257955e-09, -2.279917629620316e-06, 0.11527897963585051, 4.263600765910022, 3.3962397941887095;
		0.0, -7.864870393858261e-11, 6.02050427779817e-08, -1.7133263160114702e-05, 0.07524916959741523, 18.025493731614667, 95.40188500526983;
		0.0, -1.836868458212047e-11, 1.44289974084202e-08, -4.265799806629598e-06, 0.01304824074152378, 3.5216456305115753, 27.239648274048236;
		0.0, -6.88010335800194e-11, 5.490068203472049e-08, -1.6651124911429755e-05, 0.040154407089825435, 11.721763039650607, 117.67721051232307;
		0.0, -2.5467740479715066e-09, 2.0447160581843704e-06, -0.00062853193317788, 1.2478344055934043, 388.9216567398683, 4795.369388973445;
		0.0, -2.3094595481301504e-12, 1.8513633756709849e-09, -5.709017044231722e-07, 0.0009508062776834702, 0.31376437589476236, 4.603106144873326;
		0.0, -2.584651487942904e-12, 2.0625626488491308e-09, -6.344329099027094e-07, 0.0008931685368158209, 0.30910473576995295, 5.28345584534984;
		0.0, -4.5828040312591635e-11, 3.6328144983044765e-08, -1.1106584898727643e-05, 0.013363848411306787, 4.83013286164152, 94.98798112135134;
		0.0, -5.230124437817648e-10, 4.124125393754067e-07, -0.00012530574611513293, 0.12968576839653967, 48.52436975558728, 1085.5676044583254;
		0.0, -8.880332261960154e-11, 6.96556270700693e-08, -2.102207549194193e-05, 0.018982387274718123, 7.34026874388906, 185.24412201388975;
		0.0, -3.804025891201811e-11, 2.9746037480350157e-08, -8.932670642588552e-06, 0.007023894704390222, 2.7751281825760454, 78.8396331947916;
		0.0, 0.0, 2.0649094952213072e-07, -0.00013118031950982116, 0.2152867952156994, 94.95607350885936, 2593.5575896555574;
		0.0, -9.927723108957568e-10, 7.734740232674482e-07, -0.00023058664790279515, 0.1441473349241708, 59.214687420378084, 2083.7311208552546;
		0.0, -1.8401517332379763e-10, 1.4332685329625474e-07, -4.2640314659241485e-05, 0.023734594014154616, 9.80986093082632, 385.4822041118807;
		0.0, -7.055100585284451e-11, 5.4977783598939516e-08, -1.6340742951719835e-05, 0.008250150636593668, 3.433229336596409, 149.26135632621043;
		0.0, -9.551714047714269e-09, 7.450426387385512e-06, -0.0022141812845117926, 1.031603588152895, 432.8729907861413, 20610.93224789898;
		0.0, -2.171245868108546e-09, 1.6959443575879484e-06, -0.0005041062656292636, 0.21368839055400704, 89.06971543127965, 4714.5910052776435;
		0.0, -1.0489319237695998e-10, 8.208725674023013e-08, -2.4421076130583207e-05, 0.009457096702629657, 3.8914775461092166, 229.46005483181523;
		0.0, -1.2555384094951157e-10, 9.847605738609246e-08, -2.934091122943393e-05, 0.010518415296205971, 4.273128877154969, 278.74330789184233;
		0.0, -4.8190062150489725e-09, 3.7887949650958345e-06, -0.0011310777607585244, 0.38076587938346684, 153.1217893787993, 10937.534800451058;
		0.0, -4.6189061989094175e-09, 3.6406658319010474e-06, -0.0010892827952204956, 0.346638839697363, 137.77155451314397, 10740.137696874197;
		0.0, -2.851104130697558e-10, 2.2541550943870738e-07, -6.761795738913488e-05, 0.01998451244941782, 7.667123232628241, 671.2061805177464;
		0.0, -2.921146661999046e-10, 2.317154915196259e-07, -6.971391533601476e-05, 0.019247473866723097, 7.089098758146676, 698.2073654079456;
		0.0, -1.9036958093082376e-09, 1.515212671221248e-06, -0.00045734186243564937, 0.11897694669003703, 41.99490311585577, 4638.449834576711;
		0.0, -1.1216038521955519e-10, 8.957429732505461e-08, -2.7127790186722315e-05, 0.006710750503930018, 2.271879597613677, 279.6611187543184;
		0.0, -1.0482555316465475e-09, 8.39879834287122e-07, -0.00025521796218913, 0.060617571672805334, 19.769159181785447, 2684.446024027132;
		0.0, -4.122749948321739e-09, 3.313688456060553e-06, -0.0010103551004909967, 0.23173279455101795, 72.86906617152863, 10860.316862231397;
		0.0, -2.898238519577328e-10, 2.3391870195176536e-07, -7.162584249475497e-05, 0.015609449876365922, 4.541512831797538, 779.6972495779868;
		0.0, -1.1966277468160356e-09, 9.701205757199075e-07, -0.0002984195181895596, 0.06189342399409, 16.38711510035049, 3290.9305005445335;
		0.0, -2.910139805993036e-11, 2.369998623217967e-08, -7.325102361655181e-06, 0.0014535778952363475, 0.3466502505922446, 82.00692259285044;
		0.0, -3.84843754568519e-09, 3.148341629189262e-06, -0.000977773107449502, 0.18666132042376715, 39.7240261173994, 11135.24604390887;
		0.0, -3.5939010646980124e-10, 2.953097048877525e-07, -9.215133859403197e-05, 0.017019403505526262, 3.2087772900710734, 1069.5782919388398;
		0.0, -1.1861727633735024e-09, 9.78752746929202e-07, -0.0003068209411080415, 0.05513443921750999, 9.178411162064446, 3635.7730113723965;
		0.0, -1.1121572912610047e-09, 9.211832637814296e-07, -0.00029000396224317267, 0.05099569784829573, 7.521147811956294, 3513.8710034782853;
		0.0, -4.966390217162857e-10, 4.1288886766742465e-07, -0.00013052774063508838, 0.02251831896673894, 2.9094642850359858, 1617.6230142940958;
		0.0, -1.4437492160563094e-10, 1.2069457560213373e-07, -3.838424547064499e-05, 0.006422010739327223, 0.6223773825916898, 484.5933295602473;
		0.0, -1.079347611093845e-09, 9.077234857740823e-07, -0.000290549473907009, 0.047198341838606245, 2.9497324468361312, 3739.369604456332;
		0.0, -4.860864365138294e-10, 4.1129404734291143e-07, -0.00013252058662443236, 0.020971406265521787, 0.5994818409834021, 1740.976717413811;
		0.0, -7.947660533292857e-11, 6.766184516790069e-08, -2.194660848241817e-05, 0.003394567573035773, -0.014743712691350958, 294.6611402212853;
		0.0, -2.000197802889485e-10, 1.7132562575472194e-07, -5.594013446008908e-05, 0.008484129681583066, -0.30405939865376846, 768.3347111363339;
		0.0, -1.7878203000228028e-10, 1.5404674111816312e-07, -5.0625347446561536e-05, 0.0075519309301126155, -0.4943519703322053, 711.8520169128807;
		0.0, -8.653526908298263e-09, 7.498649007369883e-06, -0.002479669049764451, 0.36488288825857024, -33.864589299393124, 35711.63178650544;
		0.0, -2.7667287113730696e-09, 2.4101450309283253e-06, -0.0008016235976839568, 0.11667623123063485, -13.710226356109452, 11826.303957846781;
		0.0, -5.829613921325821e-11, 5.1023310555405406e-08, -1.7059700825686208e-05, 0.0024622607969672404, -0.34272723653439285, 257.77716066955037;
		0.0, -2.994474745313488e-11, 2.6316665827538655e-08, -8.839548225165122e-06, 0.0012679751646259357, -0.20004792298247126, 136.7442342656042;
		0.0, -1.3302729041238193e-09, 1.1765378496839682e-06, -0.0003979220332656183, 0.05650831535131912, -10.513085370985555, 6309.360851801076;
		0.0, -1.1328670370964185e-09, 1.0099971454342977e-06, -0.00034454151758453217, 0.04837875647524945, -10.647261173462617, 5608.542631308367;
		0.0, -6.488392690425351e-11, 5.832032406050525e-08, -2.0069358168419437e-05, 0.00279186010456544, -0.7062256605828607, 335.67855658831905;
		0.0, -6.762412412334522e-10, 6.128597317208166e-07, -0.00021276331261720324, 0.029375839648092882, -8.357925416097562, 3658.8710400024047;
		0.0, -5.624089856551277e-10, 5.13918107432229e-07, -0.0001799909046096611, 0.024706518640626424, -7.7721079994758835, 3183.9409853751276;
		0.0, -3.309021247898773e-10, 3.048550541877986e-07, -0.00010770420990511541, 0.014720589809022293, -5.049414352794701, 1960.3012945016596;
		0.0, -6.026127887894277e-11, 5.596448103174023e-08, -1.994127168100449e-05, 0.002717406755029726, -1.0048269419992493, 373.4406600984187;
		0.0, 5.900783849778707e-10, -4.115157275915931e-07, 0.00010619201751919763, -0.0043464133804570725, 12.459055248005669, -621.4550376648192;
		0.0, -4.042688729707251e-14, 6.545887054444853e-11, -3.245607199308922e-08, 6.917283025822789e-06, 0.0, 1;
		0.0, -3.163177277419953e-10, 3.0030569023264115e-07, -0.00010953870972218561, 0.014883595699482518, -6.542179060740479, 2228.8699761475773;
		0.0, 8.285136862132512e-12, -5.997005201109244e-09, 1.6194107579186198e-06, -7.464676667245263e-05, 0.2021603446406018, -11.5872528239949;
		0.0, -8.24102863132903e-11, 7.917817334285153e-08, -2.9250864469429444e-05, 0.003979147231479465, -1.8985463325325607, 626.1521462400735;
		0.0, -5.572276396346684e-10, 5.379600314371424e-07, -0.00019977204669587722, 0.0272032147299623, -13.4157854720181, 4376.898372319393;
		0.0, 2.058506368554201e-09, -1.5116857936674163e-06, 0.00041502952667223504, -0.01914667567215338, 55.53057902762789, -3171.4092405855163;
		0.0, 2.421984839784416e-09, -1.7250647503451511e-06, 0.00045723917434081253, -0.017989164817862342, 63.49593363261218, -2987.532385615529;
		0.0, 1.0380124401953917e-10, -7.419931868301021e-08, 1.975484141965353e-05, -0.0007704917620430878, 2.81471996858519, -130.7622865564827;
		0.0, 1.57230173899791e-10, -1.1277499034279986e-07, 3.0152236583053992e-05, -0.001165956660216738, 4.404865446064113, -202.06395939455618;
		0.0, 6.582713986249004e-10, -4.736740105657312e-07, 0.00012715095518508703, -0.004875423413104201, 19.03152222000518, -862.1626430515577;
		0.0, 6.768680092449216e-11, -4.88535063702058e-08, 1.3163502020183388e-05, -0.0005005784128655654, 2.0172184541513096, -90.26070059566388;
		0.0, 7.202287540117312e-11, -5.213174239437443e-08, 1.4096790169719429e-05, -0.0005317776426836785, 2.210113248111678, -97.6991780741192;
		0.0, 2.4394920702433197e-10, -1.7704994847352952e-07, 4.8035818651955514e-05, -0.001798047475458516, 7.699386312389351, -336.3460969049537;
		0.0, 7.290609700702151e-11, -5.3045925380600136e-08, 1.4437280428274705e-05, -0.0005363918788808178, 2.364046266633486, -102.09178567154208;
		0.0, 3.9964068059507535e-09, -2.9145955480827e-06, 0.000795591848907103, -0.029349122575654696, 132.9911795760962, -5679.832112700427;
		0.0, 5.876799223367886e-14, -8.52487251911349e-12, -1.2330688549352354e-08, 4.471040203170893e-06, 0.0, 1;
		0.0, 1.6086356242171587e-09, -1.1781589538780243e-06, 0.00032331925926088774, -0.011772172707740424, 56.19971651244659, -2350.929038195164;
		0.0, 5.0197098955808946e-11, -3.683378051463437e-08, 1.0132503151093112e-05, -0.00036675778700548227, 1.7940184776745558, -74.33658369439641;
		0.0, 9.837080365912384e-12, -7.23089137806558e-09, 1.99356510645217e-06, -7.176726786206047e-05, 0.3592765061707093, -14.755562719612277;
		0.0, 6.265334001234212e-11, -4.612822184957551e-08, 1.2743889923000198e-05, -0.00045649977689546785, 2.335977079169842, -95.16116971775094;
		0.0, 5.5141250953535534e-11, -4.065703624613543e-08, 1.1253759201824041e-05, -0.00040132497726184593, 2.0965753270277308, -84.78224598372879;
		0.0, 9.123785639223391e-11, -6.736146234905148e-08, 1.867804368787973e-05, -0.0006634640263976989, 3.5339970565829564, -141.98138779438895;
		0.0, 1.217699631916904e-09, -9.001110955938004e-07, 0.0002499812079111142, -0.00884940592035133, 47.99990996262339, -1917.6314661048232;
		0.0, 1.3437871882722324e-10, -9.949356525478829e-08, 2.768903656157832e-05, -0.0009746628285670176, 5.405889082344658, -213.91227846760077;
		0.0, 4.307963343112469e-12, -3.195912414231114e-09, 8.916079293878333e-07, -3.1147598060000617e-05, 0.17727636172555186, -6.923341010244869;
		0.0, 8.637844800349359e-14, -3.095722690006632e-11, -5.517742616942943e-09, 3.5165585967541737e-06, 0.0, 1;
		0.0, 9.001563185729508e-14, -3.3739628341973884e-11, -4.734064837817645e-09, 3.416582917515547e-06, 0.0, 1;
		0.0, 8.059387642215446e-11, -6.011638226976708e-08, 1.6885661637800102e-05, -0.000577275967189258, 3.5381252415138933, -132.8873263837133;
		0.0, 1.1374531873713665e-08, -8.498608099499655e-06, 0.002392077191460364, -0.08122696785825204, 509.68019563185123, -18899.397881474928;
		0.0, 9.961535641723689e-14, -4.117828444690041e-11, -2.6029521620138486e-09, 3.1384571036579727e-06, 0.0, 1;
		0.0, 2.2521628365323063e-09, -1.6879828321117683e-06, 0.0004769658410084805, -0.01598969198177918, 104.96838368033814, -3795.739098980289;
		0.0, 1.8320012566985627e-10, -1.3750751754657904e-07, 3.892583270540926e-05, -0.0012970725335835574, 8.701449694287763, -310.81451699916573;
		0.0, 6.266133128484097e-09, -4.7098197332459205e-06, 0.0013355918849542656, -0.044246821571318325, 303.14454923015523, -10698.743537390568;
		0.0, 3.511142303365648e-12, -2.6425885305262245e-09, 7.506266805175347e-07, -2.4729936986382373e-05, 0.17292708159796805, -6.031606860357398;
		0.0, 1.1922777626207188e-10, -8.984798698238906e-08, 2.5562060595938366e-05, -0.0008377104682343821, 5.975023561766057, -206.02635471304018;
		0.0, 2.018394221543203e-10, -1.522863016755026e-07, 4.339208621454902e-05, -0.0014148641304193366, 10.287308074514918, -350.7813706115186;
		0.0, 1.957950320012664e-09, -1.478956807105825e-06, 0.0004220244654924778, -0.013694729326657428, 101.44252905811864, -3421.827182307729;
		0.0, 6.953170574102951e-10, -5.257889522386163e-07, 0.00015024404246380779, -0.004853195635778547, 36.60291280860671, -1221.8597674512528;
		0.0, 3.6813057084823547e-10, -2.7866454460206297e-07, 7.973396599474184e-05, -0.002564419332693263, 19.680826696887376, -650.4210499690621;
		0.0, 1.4194653897824976e-10, -1.075556212789295e-07, 3.0813690714662005e-05, -0.0009869657303444835, 7.703209869341112, -252.15064259754877;
		0.0, 3.242660991652668e-10, -2.459326489788749e-07, 7.054231597315728e-05, -0.0022506877390660682, 17.854714033484555, -579.1405117140883;
		0.0, 2.0734886582045773e-10, -1.573986844342179e-07, 4.5199363463493744e-05, -0.0014368008163888532, 11.578660278365327, -372.3506941080676;
		0.0, 1.3913740050192696e-10, -1.0570782680386e-07, 3.0388664442138087e-05, -0.0009626389016697509, 7.876048155354261, -251.24659805199653;
		0.0, 2.6870207576159544e-11, -2.0430434673020372e-08, 5.879380260280914e-06, -0.00018563389962207363, 1.5411575367375787, -48.79635366877394;
		0.0, 5.7729568360188915e-11, -4.39266590933799e-08, 1.2653435899107819e-05, -0.00039828395730836223, 3.3534391265638894, -105.44984720308106;
		0.0, 2.1160900683170258e-09, -1.6112773101760562e-06, 0.00046457651538779913, -0.014580306127867707, 124.44301465236461, -3888.3642010536682;
		0.0, 1.4524921065345323e-09, -1.106992378647325e-06, 0.00031954414942964563, -0.00998521315280733, 86.62516860367391, -2676.6350492863126;
		0.0, 8.602116653603254e-12, -6.562519995100108e-09, 1.8966884812512848e-06, -5.8973506464830164e-05, 0.520693873615781, -15.866672200206542;
		0.0, 6.948384799820294e-11, -5.3060276836020535e-08, 1.535381947678239e-05, -0.0004750980429197019, 4.267688702862708, -128.24532169885106;
		0.0, 4.833829429558436e-10, -3.694735987890607e-07, 0.00010703716997124719, -0.003296694881843176, 30.117398466327888, -892.4896386201976;
		0.0, 4.973995403988415e-10, -3.805313764560595e-07, 0.00011036446897936531, -0.0033839366106491425, 31.429372265690827, -918.4493649456673;
		0.0, 7.227472810611439e-12, -5.5341573278889525e-09, 1.6067995184440318e-06, -4.9053986786564014e-05, 0.4630300166563728, -13.343336285420648;
		0.0, 6.024128860715376e-11, -4.616646088878941e-08, 1.3418144610089648e-05, -0.0004079384978195533, 3.911999991789766, -111.1725088961878;
		0.0, 6.691139707455607e-11, -5.13201011634573e-08, 1.4931172866015142e-05, -0.0004521206039606019, 4.403293856134457, -123.40497352784581;
		0.0, 8.60229358130193e-11, -6.603055736296406e-08, 1.9229912697250884e-05, -0.0005800462719663354, 5.735317912292642, -158.52145957071116;
		0.0, 9.937149673905023e-12, -7.633511376414376e-09, 2.2251968417056163e-06, -6.687181736001068e-05, 0.6710651381154626, -18.293449869192933;
		0.0, 1.1222506066226314e-11, -8.62726767316135e-09, 2.517187393736004e-06, -7.537749076219787e-05, 0.767446827122144, -20.63531933096802;
		0.0, 2.5110966891337112e-11, -1.93177792600412e-08, 5.641370417836748e-06, -0.00016835315224386556, 1.7385012689623287, -46.11135190173309;
		0.0, 1.3429733780012392e-10, -1.0338590597501659e-07, 3.0217695403141828e-05, -0.0008988023519156947, 9.410903059760651, -246.25138271130987;
		0.0, 5.1492741529647605e-11, -3.966709754970023e-08, 1.1603554405315004e-05, -0.00034404275367710155, 3.651433143669145, -94.27081054664522;
		0.0, 3.374223545330039e-11, -2.6009944382273395e-08, 7.61463676288674e-06, -0.00022508029877964697, 2.4207361867957724, -61.671872601784685;
		0.0, 2.381105594281932e-11, -1.836608226446455e-08, 5.38101919185093e-06, -0.00015858574776600953, 1.727878834088991, -43.44561126505504;
		0.0, 1.4464107993479775e-10, -1.1163318631623147e-07, 3.273174493443696e-05, -0.0009618782289124477, 10.614357960848558, -263.4476270185885;
		0.0, 3.814413985717249e-11, -2.9456779160800244e-08, 8.643290195850596e-06, -0.00025328940724262257, 2.830126225344718, -69.35184880640725;
		0.0, 1.3224817916023893e-13, -7.187274829221586e-11, 8.212578010761853e-09, 1.381504881975293e-06, 0.0, 1;
		0.0, 1.7944216218797187e-11, -1.3873015372817602e-08, 4.07636612974781e-06, -0.00011881556818982031, 1.3601492540761173, -32.51085996714414;
		0.0, 0.0, -3.718975727085704e-08, 2.0857188151009042e-05, -0.0008593417017462874, 9.614955434844552, -418.4187938363181;
		0.0, 1.0018440328309315e-11, -7.753682746618284e-09, 2.2813173129922896e-06, -6.615064858375929e-05, 0.7751781624321665, -18.091666679330046;
		0.0, 1.020252176719207e-08, -7.900178630345708e-06, 0.0023259004770374635, -0.06727193354634868, 797.358675483029, -18396.74015162868;
		0.0, 5.432145067189966e-10, -4.2083953799053374e-07, 0.00012397684343763135, -0.003576719731605133, 42.872752162810784, -978.186187964693;
		0.0, 5.159215716264982e-13, -3.9988889774422673e-10, 1.1787643420022848e-07, -3.392152967274194e-06, 0.041112903151303906, -0.9279524676945279;
		0.0, 2.0797888400045515e-12, -1.6127997185082168e-09, 4.75692113255096e-07, -1.3654521853764296e-05, 0.1673093911598429, -3.7371591267866204;
		0.0, 5.599717858687976e-12, -4.344384923336248e-09, 1.2821134488589654e-06, -3.670902520834306e-05, 0.45467127165183713, -10.054751062692175;
		0.0, 2.348958764994557e-10, -1.8231999684901007e-07, 5.3836945141539954e-05, -0.0015374904701076914, 19.246963025296072, -421.5806225085094;
		0.0, 6.839014076260544e-11, -5.310620430474141e-08, 1.569043694206953e-05, -0.000446929087955205, 5.654081287412105, -122.7242684311769;
		0.0, 1.3422063700028197e-09, -1.0427024559927606e-06, 0.00030823954512940714, -0.008756713359030924, 111.95223967581805, -2407.311667945787;
		0.0, 4.4857923126232947e-10, -3.486299665145767e-07, 0.00010311185981501646, -0.002921258792181103, 37.77088585134568, -798.9965132087618;
		0.0, 4.975015343941695e-11, -3.868100784095828e-08, 1.1445767576535977e-05, -0.00032340681677780776, 4.228972558020101, -87.83122011346322;
		0.0, 1.8130557805171163e-12, -1.4102171978570435e-09, 4.174726683692011e-07, -1.1765782553014837e-05, 0.15556597864832, -3.171391973639957;
		0.0, 1.4542519062920864e-11, -1.1315661775099349e-08, 3.3512664166151455e-06, -9.42182764970514e-05, 1.2593538559538495, -25.194167101191663;
		0.0, 1.1711491762557867e-10, -9.116165682092506e-08, 2.7009745377615622e-05, -0.0007575718585827796, 10.23451979835113, -200.87805519897262;
		0.0, 6.439208152681303e-12, -5.014025926632636e-09, 1.4861641853809643e-06, -4.159007493846262e-05, 0.56777755518926, -10.930812938964376;
		0.0, 2.0984443791123526e-11, -1.634558529959065e-08, 4.84669518589289e-06, -0.0001353409812003505, 1.8667165442728915, -35.24192081767639;
		0.0, 1.826138293091317e-11, -1.4229202828368127e-08, 4.220697005770956e-06, -0.00011761639791653324, 1.6386842402781963, -30.330648203431416;
		0.0, 4.405147336073309e-10, -3.4335748452785135e-07, 0.00010188312003914281, -0.002833502926046443, 39.87029733660319, -723.3370335466118;
		0.0, 5.7307225776746565e-12, -4.468175140446408e-09, 1.326270504076952e-06, -3.68151832269665e-05, 0.5230867535112945, -9.29973819602256;
		0.0, 0.0, -1.7528995832805246e-07, 0.00010081546091855864, -0.0039597927463038965, 56.36098382400315, -2234.317644941237;
		0.0, 6.45891667662669e-12, -5.038924036073516e-09, 1.4966354339165395e-06, -4.1395812998234034e-05, 0.5994092993150885, -10.22686189182019;
		0.0, 2.5900392798312286e-10, -2.0211923378269313e-07, 6.005050824396769e-05, -0.0016581527609197328, 24.232422423207094, -404.8890399773245;
		0.0, 8.29273828599383e-11, -6.473201365915791e-08, 1.923776434481583e-05, -0.0005303423573542326, 7.821104998015741, -127.94899084194697;
		0.0, 1.2852499675098477e-10, -1.0035192269752978e-07, 2.9832093318482924e-05, -0.0008211135963382734, 12.217774076436598, -195.66062405819181;
		0.0, 1.6472538004562383e-11, -1.2865089248588247e-08, 3.825513470501256e-06, -0.00010513515185552246, 1.5781743567557385, -24.735698693655376;
		0.0, 6.005812041998092e-11, -4.691760715986757e-08, 1.3954958888254076e-05, -0.000382951408089104, 5.79847227715531, -88.93252074647535;
		0.0, 5.385304558201357e-10, -4.2080815594437556e-07, 0.00012519583366673938, -0.003430654957822757, 52.39119331114773, -786.1531626707152;
		0.0, 7.870387834459719e-11, -6.151456535175346e-08, 1.8306036865895933e-05, -0.0005009167502281439, 7.714548404260774, -113.23739137645406;
		0.0, 3.849972015477298e-11, -3.009857277860587e-08, 8.959236956941023e-06, -0.0002448134304105356, 3.801895617265149, -54.58139511792423;
		0.0, 2.163053497114936e-09, -1.6914568791962122e-06, 0.0005036087757780684, -0.013742195544690397, 215.17978123799955, -3021.0051896105842;
		0.0, 5.497683219630001e-10, -4.300092908041522e-07, 0.00012806083200043018, -0.003489635275301419, 55.08968916831922, -756.2632860654802;
		0.0, 2.5389249636904273e-10, -1.9863322519197618e-07, 5.916921711515609e-05, -0.001610124064093961, 25.62496867544993, -343.9328150498008;
		0.0, 1.9754204225232628e-09, -1.545842573375035e-06, 0.00046058993387766017, -0.012516223763391107, 200.80016690299854, -2634.7882595216192;
		0.0, 3.2851198009346277e-11, -2.57134687098929e-08, 7.663289706002548e-06, -0.0002079511954800238, 3.362918553826617, -43.13618780284649;
		0.0, 1.3327714111938644e-12, -1.0434441471643878e-09, 3.110496933497879e-07, -8.428528345565093e-06, 0.137389207737655, -1.7226808397872089;
		0.0, 7.676267382862017e-12, -6.011300169298906e-09, 1.7924045477167238e-06, -4.849743947859899e-05, 0.7968044917765449, -9.7661963489651;
		0.0, 6.696615878118057e-10, -5.245410627471244e-07, 0.00015644282668227333, -0.00422649838720522, 69.99005174535678, -838.5690349808737;
		0.0, 5.112327818117958e-10, -4.005436870218471e-07, 0.00011949136516944907, -0.003223159591114193, 53.79662238048672, -630.0972614477827;
		0.0, 5.7426581741119656e-11, -4.50041753513675e-08, 1.3429263201865416e-05, -0.00036165293621060563, 6.083901529712645, -69.66590805748656;
		0.0, 7.657068013038255e-10, -6.00223436082909e-07, 0.00017915457464985857, -0.00481651837824787, 81.66651971258186, -914.3680996818362;
		0.0, 7.563023780696339e-08, -5.9300553565105794e-05, 0.017704860668506905, -0.4751501028283131, 8120.266454872365, -88911.38635856721;
		0.0, 1.0301889885825334e-09, -8.079705684935945e-07, 0.0002412969110619014, -0.006463787513086297, 111.34415157969968, -1192.4907399106232;
		0.0, 1.7295029336862882e-10, -1.3568072077992205e-07, 4.053226972827876e-05, -0.0010836621991442165, 18.81618404729198, -197.1659001389643;
		0.0, 1.2198990444791195e-10, -9.572869302342664e-08, 2.860593010173605e-05, -0.0007632455029895367, 13.359174579778493, -137.00246755890507;
		0.0, 2.5453443737969375e-13, -1.9979730594002238e-10, 5.972273697724092e-08, -1.5900736905407696e-06, 0.028056585543123333, -0.28170340024435164;
		0.0, 1.739004509034462e-11, -1.36543947062405e-08, 4.082856928968486e-06, -0.00010845817991175612, 1.9293468393998383, -18.974222493581326;
		0.0, 3.049116701539834e-11, -2.3948510443239895e-08, 7.163375186390094e-06, -0.00018983861770684865, 3.40482625344765, -32.81410199285675;
		0.0, 1.0489660345190197e-10, -8.240938330591018e-08, 2.4656384263284047e-05, -0.0006519631280978763, 11.78732886682123, -110.85691688942649;
		0.0, 1.3083509585631787e-09, -1.02791595400148e-06, 0.00030752613633799, -0.008120565921539147, 147.85660705728114, -1333.3274946191557;
		0.0, 6.506389546861741e-11, -5.1118772261342086e-08, 1.529183645010323e-05, -0.00040330767831285466, 7.393722311970245, -63.711873705896934;
		0.0, 7.276510045812721e-11, -5.716992641215498e-08, 1.7100049515343657e-05, -0.00045047845084122436, 8.314178290596741, -68.3139667997684;
		0.0, 4.856935542669208e-10, -3.8160001903569957e-07, 0.00011412601648969567, -0.0030032239387010862, 55.79550231753874, -436.123799841174;
		0.0, 5.533654804332395e-10, -4.347676106555724e-07, 0.00013000984361378925, -0.0034176800025102236, 63.90836884201751, -473.99876943113367;
		0.0, 1.0824069089285847e-10, -8.50418083758497e-08, 2.5426749016127564e-05, -0.000667763843249849, 12.566492353621403, -88.18951015714059;
		0.0, 2.2751392796049007e-12, -1.7874946182717328e-09, 5.343665682298328e-07, -1.4020782432768828e-05, 0.2655091792817747, -1.7575568859160955;
		0.0, 6.97624498762533e-10, -5.480894535520904e-07, 0.0001638246553144335, -0.004294731280937194, 81.82993060106227, -509.16069373233347;
		0.0, 1.8750638585976048e-11, -1.4731167556833391e-08, 4.402463136849842e-06, -0.00011531825974072843, 2.2105354003425903, -12.878174798610194;
		0.0, 3.006467829954441e-11, -2.3619330905745923e-08, 7.0575595238719304e-06, -0.00018472389690698745, 3.5620635832839502, -19.344104849660038;
		0.0, 9.173081476369062e-10, -7.206345914413685e-07, 0.00021529235099542943, -0.005630966025318967, 109.21903348484517, -550.1027268145269;
		0.0, 7.53714359490085e-12, -5.920992528481409e-09, 1.7686134363560223e-06, -4.622652089501931e-05, 0.9017848998286994, -4.188117788993216;
		0.0, 1.0298332134910517e-11, -8.089873229037204e-09, 2.416037395595222e-06, -6.310774419614166e-05, 1.2380898444037598, -5.266085292160164;
		0.0, 3.491527474248323e-11, -2.7426903658348355e-08, 8.1895709479186e-06, -0.00021378447214616964, 4.2176141030706376, -16.29796305505155;
		0.0, 1.865958534636473e-11, -1.4657151466320541e-08, 4.375782902653006e-06, -0.00011416180515595927, 2.264634515140655, -7.8742590155735845;
		0.0, 3.3008862060980944e-09, -2.5927719162720142e-06, 0.0007739126780741447, -0.020179922762310985, 402.4862032637583, -1244.4523608069765;
		0.0, 3.242114873561225e-10, -2.546528615670599e-07, 7.599721906629829e-05, -0.001980608531254072, 39.7149616503779, -107.58843903597516;
		0.0, 2.2369051249707224e-12, -1.756929785817689e-09, 5.242341591641635e-07, -1.365553906957151e-05, 0.2752710011831401, -0.6409685282093086;
		0.0, 6.995200756081033e-11, -5.494072925021583e-08, 1.639033071904719e-05, -0.0004267379897632205, 8.647359763932904, -16.866934892323442;
		0.0, 1.195877025994781e-09, -9.392234689093992e-07, 0.00028014676432876364, -0.007290462772940076, 148.49943144891984, -233.93008369770038;
		0.0, 2.7082428214781324e-11, -2.126959257134149e-08, 6.343083601719194e-06, -0.00016499458190250398, 3.3780514363190104, -4.06352400461039;
		0.0, 5.814514095236082e-08, -4.566417592567659e-05, 0.013615807007668517, -0.35400953971275817, 7284.844269149685, -6073.394028578394;
		0.0, 6.406760300370713e-10, -5.031444898189242e-07, 0.00014999916764736233, -0.0038981892465878524, 80.62347384343435, -37.7073712708902;
		0.0, 1.9130468710330217e-10, -1.5023597632682254e-07, 4.4781759348819816e-05, -0.0011632597177956081, 24.17996330226362, -2.5448788937983697;
		0.0, 6.96620869117768e-11, -5.470667798736966e-08, 1.6304244571123612e-05, -0.00042332441492775154, 8.843468611377736, 2.244366158391875;
		0.0, 1.466544829660554e-11, -1.1516939365128678e-08, 3.431893221369883e-06, -8.906320396697353e-05, 1.869866415728161, 1.1386690192863582;
		0.0, 2.866581078024905e-09, -2.2511598765507682e-06, 0.0006707224326197043, -0.017397705662345633, 367.0815531137903, 352.4353746083507;
		0.0, 3.012801163109479e-12, -2.3660047999819726e-09, 7.048484074061955e-07, -1.8273432103196573e-05, 0.3874781500312328, 0.5064445711949234;
		0.0, 2.1892926234296618e-11, -1.7193129369923655e-08, 5.121330013646882e-06, -0.00013270002557076743, 2.8278454263978015, 4.664658655408688;
		0.0, 2.52940365384115e-10, -1.986453597815513e-07, 5.91641377771773e-05, -0.001532135724576702, 32.81280867322432, 65.21321691424549;
		0.0, 5.2019078202006614e-11, -4.0854089564549407e-08, 1.216670161895942e-05, -0.0003148811031806843, 6.777368496136894, 15.726687266114102;
		0.0, 6.272705539243423e-10, -4.926561244751327e-07, 0.00014670451730783768, -0.003794324636297928, 82.0780663235396, 217.38561220910225;
		0.0, 7.719505469190777e-10, -6.063151460058654e-07, 0.00018053685806068768, -0.004666104512672564, 101.44670361997036, 301.43091772300414;
		0.0, 1.9572678815975183e-10, -1.537387032659031e-07, 4.5774588060742014e-05, -0.0011821940659354486, 25.83323467774906, 84.95694882313455;
		0.0, 3.885386273482305e-10, -3.0520770401873335e-07, 9.08692259946122e-05, -0.002344947209724888, 51.504865978144224, 185.4336316615637;
		0.0, 4.3063317386556e-11, -3.3829979937251613e-08, 1.0071866103425e-05, -0.00025968820188853166, 5.733425898221428, 22.394829418006033;
		0.0, 1.0113387794093578e-09, -7.945634266322527e-07, 0.00023655414506126496, -0.006093553491635009, 135.2396419118812, 568.7642022845569;
		0.0, 1.7233651166390623e-11, -1.3541038464334162e-08, 4.031394245431376e-06, -0.00010374402105941208, 2.3147037655771427, 10.41333406165865;
		0.0, 2.4276832618551463e-11, -1.9077205646813783e-08, 5.679723694624531e-06, -0.00014600594743405002, 3.275158881564305, 15.672651443538745;
		0.0, 9.646194223836402e-11, -7.581100595807563e-08, 2.2571580001698577e-05, -0.000579570666552945, 13.071673609924678, 66.20802509822781;
		0.0, 1.4862252226111845e-10, -1.1682080680561097e-07, 3.478369899005621e-05, -0.0008920413043722309, 20.230617921114355, 107.98203042004515;
		0.0, 1.1395801887588637e-11, -8.958717384894978e-09, 2.6676955744903666e-06, -6.83237799575075e-05, 1.5582414844044106, 8.730384221041293;
		0.0, 4.105284102506197e-12, -3.2278678259213337e-09, 9.612809465597337e-07, -2.458509324825161e-05, 0.5639175894448325, 3.304704351427091;
		0.0, 3.853566982255383e-12, -3.030495012413961e-09, 9.026140744452868e-07, -2.304979979173868e-05, 0.5317859875486847, 3.2491574692130487;
		0.0, 6.001129551866436e-11, -4.720289285579078e-08, 1.4061163985149644e-05, -0.000358497020172237, 8.320110529101997, 52.84391175691972;
		0.0, 3.4937278514355856e-12, -2.7486323169138903e-09, 8.189246614505009e-07, -2.08430427425064e-05, 0.48666386234404563, 3.204372898397287;
		0.0, 1.3390080249363423e-10, -1.0536831822448114e-07, 3.139951801360802e-05, -0.0007977097886445359, 18.74090957064497, 127.60030890415433;
		0.0, 3.2234957624407723e-12, -2.537235879642659e-09, 7.562593933716697e-07, -1.917553520153342e-05, 0.4533430811978935, 3.1842497854945035;
		0.0, 1.0095091490763127e-11, -7.94801461036192e-09, 2.3696124467581273e-06, -5.995935549463507e-05, 1.4266872512084499, 10.314851496329563;
		0.0, 1.0123298839807091e-10, -7.972389679266252e-08, 2.3775002346676996e-05, -0.0006002969485731759, 14.376881018038311, 106.85639181857644;
		0.0, 4.2599905091807016e-11, -3.354670172813274e-08, 1.0001539198573651e-05, -0.0002522599318184588, 6.069956942972242, 47.46767533452615;
		0.0, 1.0642484869233436e-12, -8.378916625238336e-10, 2.496757364999898e-07, -6.2942629088027125e-06, 0.15202048596194287, 1.2616290685246876;
		0.0, 3.357319475679752e-11, -2.64265160466102e-08, 7.870411074896315e-06, -0.00019832144474821374, 4.807422495038096, 42.20687319166511;
		0.0, 2.0872059542803957e-10, -1.6425320739658415e-07, 4.889204189088125e-05, -0.0012314885433239635, 29.958808635698947, 277.4590889503139;
		0.0, 9.100934831996087e-11, -7.160361966522716e-08, 2.1302186173995156e-05, -0.0005363548513633612, 13.09377429226025, 127.59139042367757;
		0.0, 0.0, -1.7096951652035638e-08, 1.0422133932652235e-05, -0.00035930260380970773, 10.133689795407095, -240.11120228205192;
		0.0, 1.4808955098860869e-08, -1.1645870182753333e-05, 0.003460874016741449, -0.08708255012907982, 2140.3495315395903, 22931.64225899614;
		0.0, 1.8197955490859693e-12, -1.430765982178657e-09, 4.249547911732869e-07, -1.0689777483487656e-05, 0.2636006056223092, 2.9523734254611327;
		0.0, 5.195066701243655e-11, -4.0835252606244e-08, 1.2121840373631948e-05, -0.00030485193284940604, 7.5415610244255005, 88.13969219819137;
		0.0, 3.59773779828368e-11, -2.8272978605125017e-08, 8.388093337100229e-06, -0.00021090723069480886, 5.233951310861739, 63.72275072231626;
		0.0, 1.3923874497271819e-11, -1.0939565489178694e-08, 3.2437664009143643e-06, -8.154519948236942e-05, 2.0299012166589074, 25.704866356403404;
		0.0, 1.7583354115295518e-10, -1.3811465033344793e-07, 4.093047097617661e-05, -0.0010287939139213564, 25.687191789139668, 337.8312302483648;
		0.0, 1.5662987694441092e-09, -1.2300164664561502e-06, 0.0003643135195809189, -0.009155903647030575, 229.28507286947988, 3127.596820588062;
		0.0, 4.347408610244025e-12, -3.4132294516216004e-09, 1.0103860544482044e-06, -2.539033105689379e-05, 0.6376832102926747, 9.010270168220307;
		0.0, 8.110946962028488e-12, -6.366574943262981e-09, 1.8835866279720969e-06, -4.732949343637659e-05, 1.19208561886034, 17.426779047070283;
		0.0, 6.73722704753555e-11, -5.287075366029365e-08, 1.5633413429469473e-05, -0.0003928029755149708, 9.921275850517784, 149.88652377753596;
		0.0, 1.8263110063370286e-11, -1.4328803688662023e-08, 4.234553948947153e-06, -0.00010639272731063252, 2.6946435230717416, 42.02602535537716;
		0.0, 2.6281025774895084e-11, -2.0614815911469176e-08, 6.088885774829771e-06, -0.0001529795460301116, 3.885081838850183, 62.488378280814985;
		0.0, 2.717127125672117e-10, -2.1308368139839386e-07, 6.29028789056113e-05, -0.0015803902358429598, 40.24303468803464, 666.8922952605321;
		0.0, 1.7842049132248106e-10, -1.3989089428345098e-07, 4.1273706971496186e-05, -0.001036983676562691, 26.475335265431646, 451.621998658586;
		0.0, 4.777805581542193e-10, -3.745235598363214e-07, 0.00011044060095836153, -0.00277483533639553, 71.02887567372215, 1246.1193235720655;
		0.0, 3.9477364812527346e-10, -3.0939012151071487e-07, 9.118509381409933e-05, -0.002291114988322622, 58.797558387825184, 1060.0200082619647;
		0.0, 7.270840682547557e-12, -5.6970803715484095e-09, 1.6781856241259435e-06, -4.216783359108263e-05, 1.0849167197832863, 20.083340607055128;
		0.0, 1.4453822236475857e-10, -1.1323006288790603e-07, 3.333667348094892e-05, -0.0008376921773665258, 21.606869024597202, 410.37994177996904;
		0.0, 1.69872387661586e-10, -1.33050130471752e-07, 3.915179721819514e-05, -0.0009838676808903918, 25.44060958843145, 495.4027054694029;
		0.0, 1.3819166938528757e-11, -1.0821565850908139e-08, 3.1827725915481854e-06, -7.998604926115404e-05, 2.0733913842005096, 41.365987440473425;
		0.0, 5.864785372209366e-10, -4.591752955660736e-07, 0.0001349822362933595, -0.0033924136524984007, 88.15491011986119, 1800.7176585009393;
		0.0, 1.2102309561818255e-11, -9.473606831277082e-09, 2.7835550690248294e-06, -6.996075030747902e-05, 1.822463930447513, 38.09002371785468;
		0.0, 1.4883968387761344e-11, -1.1649017242019183e-08, 3.4210873059004898e-06, -8.5988267568409e-05, 2.245475380352593, 47.988731621912216;
		0.0, 1.7022704462865392e-10, -1.3320650178094426e-07, 3.910164123224875e-05, -0.0009828501977683485, 25.728863671226044, 561.907481273396;
		0.0, 3.661675562684716e-12, -2.8648773734866277e-09, 8.405718254339984e-07, -2.11290660632604e-05, 0.5544713150909818, 12.367433014179687;
		0.0, 1.3825670096228701e-11, -1.0815456950939292e-08, 3.1718872653506157e-06, -7.9731732120971e-05, 2.097483810608747, 47.75352987424438;
		0.0, 2.3257267267802916e-10, -1.8190857811433507e-07, 5.332553228682269e-05, -0.001340449271808734, 35.35015806071954, 821.0358851879785;
		0.0, 1.0546985843989868e-09, -8.248256180410575e-07, 0.0002416899986830954, -0.006075307970278436, 160.61629608754671, 3803.5410941074642;
		0.0, 6.970027351017331e-12, -5.450184581928353e-09, 1.5963494009663739e-06, -4.01257983889203e-05, 1.0634913616146504, 25.664315834365876;
		0.0, 9.640478491499312e-12, -7.537407708667874e-09, 2.20680937521646e-06, -5.546731808935863e-05, 1.47382834906078, 36.225597948406055;
		0.0, 1.3884135690216998e-10, -1.0854077747607555e-07, 3.1766403311200125e-05, -0.0007983742331412057, 21.26807196333764, 532.1693830813574;
		0.0, 0.0, -2.8383822556459966e-07, 0.00017488127716557624, -0.005873170606108635, 197.5787100539545, -3219.278713809822;
		0.0, 2.383028354263847e-10, -1.8625886371567543e-07, 5.4472367567781486e-05, -0.001368708080455924, 36.652279435410215, 949.0515186086021;
		0.0, 5.657503304047944e-11, -4.42156410653144e-08, 1.2926702153592516e-05, -0.0003247507630561797, 8.7196873385484, 229.5152306437121;
		0.0, 2.5894449835032095e-10, -2.023604779132264e-07, 5.914217629771631e-05, -0.0014854998409459998, 39.99484589542648, 1069.6309460138166;
		0.0, 1.0689213728268762e-11, -8.352902032490032e-09, 2.440486345901311e-06, -6.12841964312201e-05, 1.654560646940606, 44.93995449373948;
		0.0, -8.3517869727665e-12, 6.526021620148985e-09, -1.906174891515103e-06, 4.785358220973639e-05, -1.2956135220658747, -35.72312230852967;
		0.0, 1.874868069375413e-10, -1.4649481628373193e-07, 4.277793604902076e-05, -0.001073575912886089, 29.150539804769164, 815.552057992998;
		0.0, 5.4858842525591785e-11, -4.2863321698950966e-08, 1.2513395867899996e-05, -0.00031392791477078953, 8.549182995869403, 242.5884134927728;
		0.0, 6.952925404611935e-11, -5.43250015514747e-08, 1.58558536486189e-05, -0.0003976176150067643, 10.86103375071085, 312.4415302308614;
		0.0, 7.759406763972017e-12, -6.062603041724917e-09, 1.7691248752412984e-06, -4.4343912483936764e-05, 1.2150170300668823, 35.41981391710831;
		0.0, 0.0, -4.300788345173015e-08, 2.6571784650411492e-05, -0.000886670961199606, 31.25990987370862, -451.7299763727256;
		0.0, 6.612053430912683e-12, -5.166315968580451e-09, 1.5070492711053745e-06, -3.773397448446292e-05, 1.0405679226516704, 31.111155039927784;
		0.0, 1.356886544820316e-10, -1.0602396471974715e-07, 3.092350968850546e-05, -0.0007737875232497087, 21.409685401205135, 647.8502962704949;
		0.0, 1.2962543384919694e-11, -1.0129143829137942e-08, 2.9539685823826753e-06, -7.386531272014108e-05, 2.0507828436881477, 62.780271458109766;
		0.0, 9.83244722436152e-12, -7.683737425753724e-09, 2.240601316565018e-06, -5.598527810991613e-05, 1.5598594635700074, 48.28911320264886;
		0.0, 6.126566703522951e-10, -4.788095804115697e-07, 0.0001396125667023846, -0.0034856195261873035, 97.46930905863266, 3050.105945588127;
		0.0, 2.620279603960634e-11, -2.0480229251965096e-08, 5.971415557831209e-06, -0.00014895316664080414, 4.1808036814521525, 132.1942515451425;
		0.0, 1.3432145315683656e-11, -1.049979706195152e-08, 3.0613683221782633e-06, -7.629122820851585e-05, 2.1495843867994155, 68.6494017864624;
		0.0, 8.0737553395553e-09, -6.311991950126549e-06, 0.0018403693308096972, -0.04581620574697356, 1296.0402489914313, 41788.281463432446;
		0.0, 3.0501011201894153e-11, -2.384885931824462e-08, 6.953797853188532e-06, -0.0001729254232634909, 4.911670534321864, 159.8244862358479;
		0.0, 2.8433847539314105e-11, -2.22361177853125e-08, 6.483981096259866e-06, -0.00016105261087443398, 4.59370000593654, 150.792149035126;
		0.0, 1.4812586657168306e-11, -1.158595330694099e-08, 3.37874605289324e-06, -8.38178222567607e-05, 2.401104049392584, 79.47916934446286;
		0.0, 3.309059582716221e-10, -2.588754013664931e-07, 7.550376544462226e-05, -0.0018705478370273734, 53.824536258368155, 1795.860852554628;
		0.0, 5.532692963561449e-12, -4.329283736185829e-09, 1.2628775824337571e-06, -3.124240471812838e-05, 0.9031329551926737, 30.36111912199213;
		0.0, 2.9016436626384643e-10, -2.2710414041349803e-07, 6.625999153597574e-05, -0.001636742347037262, 47.538338642474876, 1609.55725219671;
		0.0, 2.4972662231373213e-10, -1.9550401184269848e-07, 5.705282318688938e-05, -0.0014070632250909312, 41.06729730016332, 1399.8360603972817;
		0.0, 2.069199869526583e-11, -1.6203609348774437e-08, 4.729800443985542e-06, -0.00011645223047771728, 3.415963768463818, 117.17470892942875;
		0.0, 1.42213802163843e-11, -1.1139825880405347e-08, 3.252623768786288e-06, -7.994061447439881e-05, 2.3571195001394223, 81.33206211148276;
		0.0, 3.957197718329992e-11, -3.1003829566181524e-08, 9.05377659912126e-06, -0.00022216567069733187, 6.581331479064589, 228.83958160496647;
		0.0, 3.0885120169756615e-10, -2.4191657393043996e-07, 7.059601872237592e-05, -0.0017317853241984001, 51.38592963641448, 1818.0731580846448;
		0.0, 2.3065075831317034e-11, -1.8060688016405508e-08, 5.2662673748919895e-06, -0.00012917037611740183, 3.8374147854546683, 138.28920647286887;
		0.0, 2.1617376769268564e-10, -1.6921741401010727e-07, 4.9302205800244586e-05, -0.0012091564539120736, 35.963276043399304, 1319.7562696300172;
		0.0, 9.141716438221533e-11, -7.153724467570314e-08, 2.082596297498117e-05, -0.0005107251344232302, 15.206900053598293, 568.1512100440143;
		0.0, 0.0, -5.201672108384148e-08, 3.2336877298629843e-05, -0.0010589867059273735, 41.419022461323635, -448.2311566216085;
		0.0, 0.0, -3.771762436495326e-08, 2.3450905358357613e-05, -0.0007675339348357968, 30.14675192792144, -318.13814420883915;
		0.0, 3.805210684877224e-10, -2.974881272937837e-07, 8.63956953251298e-05, -0.0021185037352288195, 63.26627607894692, 2491.163027490378;
		0.0, 1.394489821636186e-10, -1.0898544713570912e-07, 3.162566585223274e-05, -0.0007754970046259891, 23.179706954957684, 928.4495307105473;
		0.0, 5.918555197377278e-12, -4.624143408463171e-09, 1.3407594446941892e-06, -3.287784935288194e-05, 0.9835453830931319, 40.06606095752232;
		0.0, 0.0, -7.858601541727941e-08, 4.888602852312861e-05, -0.0015965364157634302, 63.75203290384221, -604.1567423399707;
		0.0, 1.6487351682488208e-12, -1.2873369537319718e-09, 3.7265613261963224e-07, -9.139242591211162e-06, 0.27381998632561505, 11.530570698322558;
		0.0, 1.3504999331182156e-11, -1.0541427710132275e-08, 3.0490456905256647e-06, -7.478296797434334e-05, 2.242124399802384, 95.96631594284219;
		0.0, 3.807803609324467e-09, -2.9712795796155668e-06, 0.0008587304323774031, -0.021063965845770367, 631.9463073453464, 27487.08924519899;
		0.0, 1.4505165138855218e-10, -1.1315048276897385e-07, 3.267526488084163e-05, -0.0008015937491579683, 24.063513449583432, 1063.442557602254;
		0.0, 9.758052405979056e-12, -7.609610182216194e-09, 2.1957112672023476e-06, -5.387279020825895e-05, 1.6181592695624545, 72.64410612019327;
		0.0, 9.255102528475297e-12, -7.215174963650858e-09, 2.0802268032409164e-06, -5.104705839606298e-05, 1.5340966699753606, 69.94790139754204;
		0.0, 5.770375473927376e-10, -4.4971460523041593e-07, 0.0001295546046337565, -0.0031796923289896207, 95.60513042580493, 4426.552071270513;
		0.0, 6.258036349528425e-11, -4.875726369791403e-08, 1.4034872830184788e-05, -0.0003445236491858294, 10.363678985970374, 487.17039945284665;
		0.0, 7.466270623808583e-12, -5.815331159584721e-09, 1.6726241636647597e-06, -4.106700324033024e-05, 1.2358686123487774, 58.97153696176045;
		0.0, 8.850936125466865e-13, -6.891767043727015e-10, 1.9806640249620617e-07, -4.86401469882262e-06, 0.1464349987943186, 7.0915299613484155;
		0.0, 7.220290057400999e-12, -5.620409888649657e-09, 1.6140102689694103e-06, -3.9644666307109214e-05, 1.1939681432728528, 58.67252512237423;
		0.0, 8.887341682099949e-12, -6.916057477410857e-09, 1.9845266998579476e-06, -4.875671661877297e-05, 1.4688875207709233, 73.23185830530382;
		0.0, 5.2331755521019935e-09, -4.071241812908555e-06, 0.0011673133621463538, -0.028685883130674383, 864.485110740683, 43718.114179302334;
		0.0, 5.6553729044504904e-11, -4.398446362703833e-08, 1.2601561927143417e-05, -0.0003097506389503063, 9.337416029997504, 478.90179494098527;
		0.0, 4.745601317724261e-10, -3.68983875712081e-07, 0.00010563295393426201, -0.0025971538184325865, 78.31199557918882, 4072.7519704632814;
		0.0, 6.277909217444556e-11, -4.879901563329237e-08, 1.3959593789465458e-05, -0.0003433084045809073, 10.354358048078216, 545.9422771483169;
		0.0, 1.9670014170517658e-11, -1.528560021634574e-08, 4.36935004578758e-06, -0.00010748417153925546, 3.242533108653884, 173.2989116223092;
		0.0, 8.324650054055249e-12, -6.4673668473251705e-09, 1.8472999660677584e-06, -4.545515076254396e-05, 1.3715704391053452, 74.29208789263451;
		0.0, 5.890423203035585e-12, -4.575025918447606e-09, 1.3058162075016412e-06, -3.214009886079382e-05, 0.9700008282790765, 53.239689572640074;
		0.0, 1.3761248526095665e-10, -1.0685447222181523e-07, 3.0476379400013137e-05, -0.0007503248743735177, 22.649595162218073, 1259.4672691015364;
		0.0, 1.5428563231625972e-08, -1.197706302392916e-05, 0.0034135534524081823, -0.08406478585115086, 2538.0992782649787, 142962.99342535963;
		0.0, 3.682764399385136e-11, -2.8581898686939086e-08, 8.140234894702476e-06, -0.00020052385121915504, 6.055391784823782, 345.43869632174426;
		0.0, 7.121045857949323e-13, -5.52529600064575e-10, 1.5725149576344435e-07, -3.874764075874331e-06, 0.11703145126344237, 6.760373131451687;
		0.0, 7.942074216625149e-11, -6.160881200613641e-08, 1.7521836268204523e-05, -0.0004318677330537139, 13.046374730133321, 762.9962915153423;
		0.0, 1.8103350254694891e-09, -1.4040012475498849e-06, 0.00039903048837714627, -0.009837767885295383, 297.2481447736731, 17597.130671283558;
		0.0, 5.321005487728196e-08, -4.125765297693316e-05, 0.01171788942464953, -0.28897315701184256, 8733.061787404344, 523244.38340406725;
		0.0, 1.4278681621431412e-10, -1.106888596896032e-07, 3.1416640251715664e-05, -0.0007749669187464388, 23.425172777697277, 1420.2392465424803;
		0.0, 3.9538694408586027e-10, -3.064403123555223e-07, 8.691955250207325e-05, -0.0021446350698260206, 64.84089486466007, 3977.348528456929;
		0.0, 1.1022005634467271e-11, -8.540727628651623e-09, 2.4209580594581895e-06, -5.97492382532534e-05, 1.8068852966584557, 112.11560791569481;
		0.0, 2.2784440087415655e-10, -1.7651687945896724e-07, 5.000398851208111e-05, -0.0012343976577127084, 37.33909547707319, 2343.230098592608;
		0.0, 4.169305814909782e-11, -3.229447996387737e-08, 9.142775679774359e-06, -0.00022575087070591263, 6.830582449849253, 433.4602601398739;
		0.0, 7.470788383332145e-11, -5.785631768964192e-08, 1.636957882007021e-05, -0.00040428244711059806, 12.236106648081806, 785.053946497018;
		0.0, 1.5184305312766883e-10, -1.1757155923574665e-07, 3.324540650600799e-05, -0.0008212389493305304, 24.863923680616807, 1612.5562708220157;
		0.0, 2.5485045453699813e-10, -1.972963630588248e-07, 5.575670053673837e-05, -0.001377588437543319, 41.72289752972062, 2734.842061899091;
		0.0, 1.5001522183037528e-10, -1.1611777450151931e-07, 3.279679678127504e-05, -0.0008104604450568572, 24.555910460434927, 1626.484095136351;
		0.0, 0.0, -1.4485540340094905e-06, 0.0009038579774578642, -0.02918777799393951, 1323.527934293138, -310.8280180645363;
		0.0, 6.992128644144193e-11, -5.410564978387126e-08, 1.5265245924661546e-05, -0.0003773446368924252, 11.443248683142379, 773.5426523478311;
		0.0, 3.1328489249507797e-10, -2.4238904878054285e-07, 6.835154448244667e-05, -0.001689809149148667, 51.27070503473466, 3500.3243231658453;
		0.0, 9.453074414365209e-11, -7.312917057927338e-08, 2.06113748414573e-05, -0.000509615274744661, 15.47085614273411, 1066.545210845304;
		0.0, 1.6656821023326425e-12, -1.2884201243038297e-09, 3.6296252762493416e-07, -8.974991436210572e-06, 0.2726260901472291, 18.974909144165807;
		0.0, 1.96782358700096e-11, -1.5219583626874357e-08, 4.285500897429676e-06, -0.00010597418042575361, 3.2211933678543425, 226.30827404868555;
		0.0, 1.2610725957284096e-11, -9.752429802128867e-09, 2.744826766193579e-06, -6.78782276415622e-05, 2.064695707125276, 146.39449097129508;
		0.0, 1.6129003130683916e-11, -1.2472112502902092e-08, 3.508749542614333e-06, -8.677074861164595e-05, 2.641389741153429, 188.97700056281337;
		0.0, 2.26732693115836e-12, -1.7531151191280083e-09, 4.929929246995276e-07, -1.2191451015053803e-05, 0.3714281692501578, 26.80887848356306;
		0.0, 7.689885316387852e-11, -5.94544255960884e-08, 1.6712458036020437e-05, -0.0004132726226227893, 12.602150903836385, 917.4748638338773;
		0.0, 1.0378352912877871e-10, -8.023523440527472e-08, 2.254526528480691e-05, -0.0005574688008035952, 17.015588003792864, 1249.2799095645667;
		0.0, 1.4399396185496868e-10, -1.113160282867384e-07, 3.1267295064444466e-05, -0.0007730563123635552, 23.620385190505676, 1748.5591738011444;
		0.0, 1.7422630325377038e-11, -1.346816288420319e-08, 3.7817420180967298e-06, -9.348770249979959e-05, 2.859646684375395, 213.40405093066903;
		0.0, 2.025976111704791e-10, -1.566082853781257e-07, 4.396002405964511e-05, -0.001086545391905857, 33.27528870001056, 2502.7918779573956;
		0.0, 9.335795402232361e-12, -7.2164263007361785e-09, 2.0250415722605957e-06, -5.004219096741669e-05, 1.5344820870002795, 116.30334800126685;
		0.0, 1.708037276146003e-12, -1.3202719091620886e-09, 3.703845269899803e-07, -9.150653760909402e-06, 0.28097397526182827, 21.45547325417326;
		0.0, 1.7553571088385754e-11, -1.3568490264019207e-08, 3.8054670227354586e-06, -9.399139509111912e-05, 2.8902065303666946, 222.30840023802776;
		0.0, 4.6839068050117776e-11, -3.620589219045102e-08, 1.0152014321650435e-05, -0.000250666693772157, 7.719764983487324, 597.9961187245164;
		0.0, 9.556242218759348e-11, -7.387000601735071e-08, 2.070843751514888e-05, -0.0005111388174596618, 15.767186960247884, 1229.7800853986002;
		0.0, 0.0, -3.8699870512792625e-06, 0.002419807099917804, -0.07765322483925807, 3740.678214299689, 13635.309402874223;
		0.0, 1.6671258171726562e-10, -1.2887977874533543e-07, 3.611656227087484e-05, -0.0008907147269877803, 27.573972833872755, 2179.021836530972;
		0.0, 1.2796649419376879e-11, -9.89323524648051e-09, 2.7720215117531555e-06, -6.833156388330255e-05, 2.1194463534104147, 168.5360184794682;
		0.0, 2.826158601761458e-11, -2.185091844498604e-08, 6.121744035603796e-06, -0.0001508249664337505, 4.6877203652007795, 375.0142621019466;
		0.0, 4.344195731505187e-12, -3.3590708726523567e-09, 9.40984766239781e-07, -2.317043574443498e-05, 0.7217029034440091, 58.07205462522766;
		0.0, 2.046943060829942e-11, -1.582915693414967e-08, 4.433943201871115e-06, -0.0001091126205508953, 3.4063152703187796, 275.62722264453913;
		0.0, 1.3839411946721078e-09, -1.0703298815439025e-06, 0.000299798960953954, -0.007372715836362717, 230.71413863238982, 18769.150959204348;
		0.0, 2.6022782774352583e-09, -2.0128324782616005e-06, 0.0005637826491494676, -0.013854803320405305, 434.64694098294837, 35542.14677292539;
		0.0, 1.0303375565910217e-10, -7.970641704583697e-08, 2.2325471025736404e-05, -0.0005482250558223278, 17.244027320885934, 1417.0486010324607;
		0.0, 1.80304641829667e-10, -1.3950397272435776e-07, 3.907590326060262e-05, -0.0009587704100313016, 30.240803362530652, 2496.7781384710675;
		0.0, 7.466521487652613e-12, -5.7779020262782764e-09, 1.618526968898667e-06, -3.9678048491977776e-05, 1.2551184523232222, 104.09065293809834;
		0.0, 7.866471241284151e-11, -6.088499903568608e-08, 1.7056884441818445e-05, -0.00041776466605150946, 13.255002716155074, 1103.9423252929687;
		0.0, 4.183421825774399e-10, -3.2385228366077215e-07, 9.073788010926426e-05, -0.002220234005127634, 70.66753694310637, 5909.132278066769;
		0.0, 5.843268987730134e-11, -4.524418545087873e-08, 1.2678550396266613e-05, -0.0003099088096647977, 9.896666477214968, 830.6655301687281;
		0.0, 1.7381572536037932e-11, -1.3461524882391574e-08, 3.772935103275543e-06, -9.212414727147891e-05, 2.952053310968221, 248.6510075649129;
		0.0, 7.023515034459924e-12, -5.440826765272e-09, 1.5252520818246316e-06, -3.7199822970371884e-05, 1.1963286523101055, 101.09717882231823;
		0.0, 5.034915382954793e-11, -3.9013487319408044e-08, 1.0939483223662664e-05, -0.0002664870088447231, 8.602189591542896, 729.1426053964857;
		0.0, 1.9927373702233887e-11, -1.5445145730749297e-08, 4.332047604494834e-06, -0.00010539668121885329, 3.4154566632572436, 290.30762811965377;
		0.0, 1.7018141149448084e-10, -1.3194130682943685e-07, 3.701821056686902e-05, -0.0008994516728136312, 29.26546367780283, 2493.7948015473594;
		0.0, 2.3062962367685502e-10, -1.788619391915873e-07, 5.019962463752165e-05, -0.0012180509100448138, 39.79849296932958, 3399.036396981388;
		0.0, 1.0846943096188749e-11, -8.414905978167446e-09, 2.3625872048096727e-06, -5.724472687462079e-05, 1.878491668029536, 160.7830179174864;
		0.0, 2.2457612824564855e-09, -1.7422486249995537e-06, 0.000488965438352366, -0.011839404733621738, 389.30675267348226, 33668.04946942616;
		0.0, 1.1059324754520632e-10, -8.578255076045083e-08, 2.4054823912871014e-05, -0.0005823116365252723, 19.15926168220103, 1682.0418580287123;
		0.0, 1.1319456404587105e-09, -8.778423882606726e-07, 0.0002459508914361357, -0.005952688306296462, 195.9454624928001, 17463.08789354369;
		0.0, 4.258696710258682e-11, -3.302062138231762e-08, 9.243562428584724e-06, -0.00022367918991852916, 7.365189651736438, 666.3337654550764;
		0.0, 6.488405973700709e-11, -5.029920268261953e-08, 1.4067968587296344e-05, -0.00034036834305670687, 11.209373426387405, 1029.4471375450807;
		0.0, 1.1893635144308483e-10, -9.2182685348812e-08, 2.575905408695297e-05, -0.0006231454521539457, 20.522635087627737, 1913.2064892157694;
		0.0, 4.032595076644955e-12, -3.1248431061886993e-09, 8.723954331990171e-07, -2.1102063003834926e-05, 0.6948930134583177, 65.75704463351339;
		0.0, 2.0385522304232618e-10, -1.5793253504678888e-07, 4.405102288901664e-05, -0.0010654421395134737, 35.07602267973066, 3369.1332347782886;
		0.0, 3.565436135399107e-11, -2.7616355228199654e-08, 7.695651293520332e-06, -0.00018611972985595513, 6.124907351751471, 597.1380370777094;
		0.0, 0.0, -2.1334975392991903e-06, 0.0013406503731951639, -0.042187197416696784, 2281.375381674462, 23148.550176781606;
		0.0, 2.2858215283593668e-10, -1.769682781008324e-07, 4.922069797294311e-05, -0.0011903394323707459, 39.12422912702862, 3929.294564197042;
		0.0, 8.251172799352487e-11, -6.386534294118052e-08, 1.774589777719484e-05, -0.00042916553596500427, 14.094306233286915, 1436.581076918864;
		0.0, 8.182773591144172e-11, -6.332051352865115e-08, 1.7577356806895832e-05, -0.0004251033934645225, 13.94754806251573, 1442.7159412477945;
		0.0, 1.1551652584791443e-10, -8.936765043387122e-08, 2.4783477972699045e-05, -0.0005994150996375128, 19.645211912381612, 2062.1157946608264;
		0.0, 2.922651289336657e-11, -2.2604957504928763e-08, 6.262605925056734e-06, -0.00015147995494008186, 4.958520684652047, 528.1490906209306;
		0.0, 1.586902450394253e-11, -1.2270594505022135e-08, 3.3961230424134015e-06, -8.215390747792565e-05, 2.685567472813302, 290.2428707161853;
		0.0, 1.0678838328423067e-10, -8.255178681199744e-08, 2.2824858521277466e-05, -0.000552214296661269, 18.024801766295003, 1976.4579445476163;
		0.0, 1.802359187654899e-11, -1.3929305667757537e-08, 3.84744707403069e-06, -9.30972556201985e-05, 3.0338913639444787, 337.50235724111195;
		0.0, 2.9097573202609186e-11, -2.2481703157759556e-08, 6.203431849459088e-06, -0.00015013108404571816, 4.884053741668553, 551.1669152221142;
		0.0, 5.3524187472208156e-11, -4.1343345801169034e-08, 1.139636742403515e-05, -0.00027586013860005293, 8.957629162749619, 1025.3819261724973;
		0.0, 3.9724805714182984e-10, -3.0676047361460123e-07, 8.447283915218748e-05, -0.002045186385282068, 66.27969662208929, 7695.276284168299;
		0.0, 3.8903647721781564e-11, -3.003371877105385e-08, 8.26195524674819e-06, -0.00020007879450611345, 6.47057299147358, 761.8976952776261;
		0.0, 3.4640073874938697e-12, -2.6734865889722053e-09, 7.346954567334448e-07, -1.779659516753988e-05, 0.574281545392788, 68.5717873221925;
		0.0, 5.982489171976738e-12, -4.615948386592984e-09, 1.2672021077320815e-06, -3.070403534589108e-05, 0.9885157075865773, 119.68088485077355;
		0.0, 9.252664361530067e-10, -7.137156377794588e-07, 0.00019573393897679133, -0.004743993827481631, 152.36601735304683, 18702.56677618752;
		0.0, 8.531148145429135e-12, -6.578773395702422e-09, 1.8023641743946233e-06, -4.3697541108462676e-05, 1.3999558752373988, 174.2000293077235;
		0.0, 1.3699802023643493e-10, -1.056162181698576e-07, 2.89058720746989e-05, -0.0007010431719867425, 22.401389364265683, 2825.3724902021027;
		0.0, 9.372457692398992e-10, -7.223516292076464e-07, 0.0001974983610860958, -0.0047915259344823895, 152.69977335112213, 19518.635312790062;
		0.0, 3.596813556907271e-11, -2.7713547404316606e-08, 7.569520472841579e-06, -0.00018371199531873878, 5.838486410283425, 756.2438652859757;
		0.0, 3.82724276305687e-11, -2.948081491292271e-08, 8.044137106672098e-06, -0.00019530533003911372, 6.189291539826135, 812.2522996053361;
		0.0, 1.0864868302207559e-11, -8.366765744455697e-09, 2.2806783046952088e-06, -5.539498247349811e-05, 1.7503685831096576, 232.70357701334785;
		0.0, 1.267766161877569e-11, -9.760063028706272e-09, 2.657839761551382e-06, -6.458222441344749e-05, 2.03458232376233, 273.97040551580454;
		0.0, 1.059788554520164e-09, -8.156684411041667e-07, 0.00022190293714735945, -0.005394242685460337, 169.42164409718112, 23103.70209927261;
		0.0, 1.1263208308373824e-10, -8.666393651768324e-08, 2.3554020806988905e-05, -0.0005728234863170712, 17.93540551840975, 2476.475086202468;
		0.0, 3.468941567249535e-10, -2.6684316730054627e-07, 7.245432092893734e-05, -0.0017628402826053487, 55.02164160774609, 7691.121073567893;
		0.0, 9.100590888575705e-10, -6.998624465208649e-07, 0.0001898485619970104, -0.004621182374169773, 143.77557739204704, 20342.024014856852;
		0.0, 4.183755360165793e-11, -3.21658176045304e-08, 8.717274621656043e-06, -0.0002122888986089064, 6.583463092585978, 942.6133112982794;
		0.0, 3.9022064119001473e-11, -2.999336443998508e-08, 8.12097951775878e-06, -0.00019786043164309828, 6.116005959649673, 885.9941067677177;
		0.0, 1.8394244441790884e-10, -1.4134650295862403e-07, 3.8235902235043596e-05, -0.000932027161669109, 28.71500477801475, 4207.908108486755;
		0.0, 1.8753480946550823e-11, -1.4407036436868282e-08, 3.893768314572556e-06, -9.495905486264154e-05, 2.9159501843131546, 432.1549635540977;
		0.0, 1.2358248635581738e-11, -9.491643926578976e-09, 2.563026420721734e-06, -6.253594994627898e-05, 1.9139611089858388, 286.81311517532896;
		0.0, 3.610397843358917e-11, -2.7722542833389863e-08, 7.479418012643045e-06, -0.00018258126741971654, 5.569513699303341, 843.7055517018978;
		0.0, 8.143535870372953e-10, -6.251533115168461e-07, 0.00016852013919100211, -0.004115784441780388, 125.1332995440301, 19158.096848217356;
		0.0, 1.3028429186583013e-11, -9.999152263179297e-09, 2.6931880797661404e-06, -6.58081940952954e-05, 1.994177732920228, 308.4924161990028;
		0.0, 4.4137254126309286e-12, -3.3866969878038573e-09, 9.114362116879165e-07, -2.228187374009632e-05, 0.6729875735136787, 105.16720618708366;
		0.0, 4.5038911708934027e-10, -3.455103878328326e-07, 9.291072357579043e-05, -0.0022724922649190182, 68.41317004509892, 10796.79556804938;
		0.0, 1.8619919436447072e-11, -1.4280904283229656e-08, 3.83728528170667e-06, -9.39010397971856e-05, 2.817757557036577, 448.9790451557663;
		0.0, 2.3305548137116305e-11, -1.7870820060568756e-08, 4.798280432962362e-06, -0.00011747344393750704, 3.5138711101702, 565.1426860180999;
		0.0, 1.045005486567694e-10, -8.011495554364918e-08, 2.1494970999408992e-05, -0.0005264973118497699, 15.699110127220878, 2547.8687200856807;
		0.0, 2.332762647030875e-10, -1.7880437766086517e-07, 4.793946769999313e-05, -0.0011747749344770866, 34.92120624199948, 5717.390128313722;
		0.0, 1.8159371514965318e-10, -1.3916302600099738e-07, 3.7285571801097986e-05, -0.0009141152882883804, 27.0905306306986, 4473.072866358837;
		0.0, 1.6454725276726647e-09, -1.2607589296798566e-06, 0.0003375679215270821, -0.008279726848868402, 244.64908350594504, 40727.02768410382;
		0.0, 0.0, -1.0326085139795047e-07, 6.45847387714042e-05, -0.0020266100429039884, 121.77468563856341, 3142.4583223124528;
		0.0, 1.4016506775512886e-10, -1.0735616119305182e-07, 2.8708620546569415e-05, -0.0007047618631347726, 20.705747006685755, 3500.521750914545;
		0.0, 3.595645899446991e-12, -2.7535417056472436e-09, 7.359047510656208e-07, -1.8073044061923382e-05, 0.5295359845108245, 90.1745228364881;
		0.0, 7.355725969967785e-10, -5.632109178243381e-07, 0.0001504377847838402, -0.003696071315548734, 108.00919137505082, 18520.61431381703;
		0.0, 3.8751665614656245e-11, -2.9666749149903186e-08, 7.919965387720756e-06, -0.00019465879384914043, 5.6740585755546755, 979.3819887018366;
		0.0, 6.150437693429564e-11, -4.707854023673335e-08, 1.256190449441478e-05, -0.000308863595258068, 8.981143355397887, 1559.942663597491;
		0.0, 3.5818876202217937e-12, -2.7413832717070685e-09, 7.311281089132171e-07, -1.7982830555734565e-05, 0.5216949218941772, 91.15163132864423;
		0.0, 3.70315324144863e-14, -2.5132230679731803e-11, 5.220607115387081e-09, -9.264067440723921e-08, 0.0, 1;
		0.0, 1.3706722529523246e-11, -1.0487776103982462e-08, 2.7946412347414556e-06, -6.878187232006475e-05, 1.9868903155249216, 350.92378795297066;
		0.0, 3.6894104826945167e-14, -2.505073891175826e-11, 5.207306303284792e-09, -9.282910331393272e-08, 0.0, 1;
		0.0, 5.938320710746823e-10, -4.54275851592627e-07, 0.00012095707904861058, -0.0029787172075643464, 85.72179171630275, 15282.894452290688;
		0.0, 5.721618673816542e-10, -4.376565926951875e-07, 0.00011649271770234116, -0.0028695149130873636, 82.44025757579665, 14758.963007335424;
		0.0, 8.085679717309771e-10, -6.184339075017893e-07, 0.0001645603268549549, -0.004054499681666793, 116.30484661516918, 20900.53762577506;
		0.0, 2.8324478671799117e-12, -2.166230195249407e-09, 5.76256847255699e-07, -1.4201072229806293e-05, 0.4067935368369151, 73.35267036237845;
		0.0, 1.1160017607307481e-10, -8.534482836593839e-08, 2.2697682269487275e-05, -0.0005594608066722936, 16.005859620050398, 2894.9499665550125;
		0.0, 2.412552146520134e-12, -1.8448558935656986e-09, 4.905381987821104e-07, -1.2093002189972437e-05, 0.34559329697593505, 62.673529222763946;
		0.0, 1.6504433571525973e-11, -1.2620123397743352e-08, 3.3550074868332537e-06, -8.272138604597085e-05, 2.3617700693977732, 429.28771974921483;
		0.0, 2.1941399111796963e-10, -1.6776767228774966e-07, 4.459344475418002e-05, -0.0010996334374686223, 31.370669150723323, 5712.966323865722;
		0.0, 1.6937378622460992e-10, -1.2950155506084496e-07, 3.4417879155279425e-05, -0.0008487957091240846, 24.199346120462888, 4413.693698531958;
		0.0, 7.559718849131706e-10, -5.779937178138133e-07, 0.00015360034796918875, -0.0037882869285203015, 107.95361837287541, 19711.943569492578;
		0.0, 2.4292707747634157e-09, -1.85731625058468e-06, 0.00049354683884763, -0.012173064009209929, 346.7827960943526, 63368.96960268669;
		0.0, 4.1352822201352975e-11, -3.161632769818169e-08, 8.401194134709386e-06, -0.0002072157326328954, 5.902198260599664, 1078.9267555539561;
		0.0, 1.310779763831011e-10, -1.0021580474522728e-07, 2.6629717085233205e-05, -0.0006568220067273587, 18.70865301354561, 3419.8874424980863;
		0.0, 6.099297164506827e-11, -4.663267735126716e-08, 1.2391817928964493e-05, -0.0003056362503061569, 8.70710046402558, 1590.9858522441882;
		0.0, 5.88669171425399e-12, -4.500800462294112e-09, 1.1960859164298523e-06, -2.9499199228099845e-05, 0.8406647167216175, 153.4869107959657;
		0.0, 3.2854073794706136e-10, -2.511998658127652e-07, 6.676263470576677e-05, -0.0016464502086274313, 46.9433998774903, 8560.753146964284;
		0.0, 1.2163194174934005e-10, -9.300223359026024e-08, 2.472079683868261e-05, -0.0006095851055761361, 17.391732103677455, 3166.6657108705917;
		0.0, 2.6718412309159223e-11, -2.0430351859489243e-08, 5.431421861778674e-06, -0.0001339157729505035, 3.8237665722184424, 694.8744213155262;
		0.0, 6.741183174882888e-11, -5.154950287909854e-08, 1.3707052525559087e-05, -0.0003379077990513401, 9.657758109015028, 1750.982607485482;
		0.0, 4.6675698355326624e-11, -3.5694899033738315e-08, 9.493384194166707e-06, -0.000233991993279254, 6.695208946669869, 1210.5863166130407;
		0.0, 2.6327175633325997e-10, -2.0134938168434583e-07, 5.356408646442777e-05, -0.0013199863482172226, 37.81662312261868, 6816.752233749396;
		0.0, 1.0943534893303115e-11, -8.370244519332063e-09, 2.22732352624249e-06, -5.487634067803734e-05, 1.5743916581727546, 282.81881177642254;
		0.0, 1.696040857062095e-11, -1.2973464564213783e-08, 3.4533249509014757e-06, -8.506228623808107e-05, 2.4442484232203365, 437.39479769683317;
		0.0, 1.1189932432995935e-10, -8.560280856894681e-08, 2.2793745695118637e-05, -0.0005613083176087444, 16.15635307436572, 2879.122647361656;
		0.0, 5.4264183130380873e-11, -4.1516362907059905e-08, 1.1058787368207852e-05, -0.00027225238507490177, 7.850729507742352, 1392.6774702953533;
		0.0, 2.032563081651672e-09, -1.5552461027114493e-06, 0.00041443886103825723, -0.010199864246066883, 294.7040695032973, 52022.945505707685;
		0.0, 2.9086969842854834e-10, -2.2259026994120933e-07, 5.9340768612534334e-05, -0.0014599854594310136, 42.271600220289876, 7422.872773927304;
		0.0, 2.641817658007486e-10, -2.0219324293948037e-07, 5.392766053862413e-05, -0.0013263570307739622, 38.487683552093884, 6720.599185505835;
		0.0, 2.7422837138920522e-11, -2.099112693647748e-08, 5.601325473106303e-06, -0.00013771638440266068, 4.005517586352983, 695.2774952293046;
		0.0, 9.712468892180929e-11, -7.43559916550143e-08, 1.9851487992750816e-05, -0.0004878952901924136, 14.225233107603017, 2453.720224535281;
		0.0, 1.1619342965873883e-11, -8.896807439763568e-09, 2.3765395937840226e-06, -5.838625320016361e-05, 1.706666336333608, 292.4391825183273;
		0.0, 2.2473637498008027e-10, -1.7210581157735885e-07, 4.599934607012621e-05, -0.0011296472821822553, 33.10769794038253, 5633.715520863203;
		0.0, 6.173970142472566e-12, -4.728892883980479e-09, 1.264655370444666e-06, -3.10443930235181e-05, 0.9123422128244849, 154.1212870263704;
		0.0, 2.972494341737358e-11, -2.27715126090956e-08, 6.093575389693898e-06, -0.00014951938210150105, 4.406541881252477, 738.7621983564032;
		0.0, 1.3398641860524948e-10, -1.0266220607177e-07, 2.7489656295910975e-05, -0.000674223667924894, 19.928053555788377, 3314.659696591478;
		0.0, 1.8772321141179564e-09, -1.4386322090742589e-06, 0.0003854761296230554, -0.009450115450547561, 280.1498035995466, 46216.78369927193;
		0.0, 8.570310797401127e-11, -6.569210944823124e-08, 1.7614084626551092e-05, -0.00043161905176548746, 12.83437344730605, 2099.3792584453327;
		0.0, 6.319006997054007e-12, -4.844546688926309e-09, 1.299897713077263e-06, -3.1838099593543694e-05, 0.9496594367090487, 153.98019729135726;
		0.0, 3.709849415804533e-11, -2.8447950950035007e-08, 7.638812791775706e-06, -0.00018700718851078377, 5.595623058271457, 899.0899028672279;
		0.0, 9.851056588670914e-11, -7.555627747473655e-08, 2.030362806611597e-05, -0.0004968188896984452, 14.913422557228152, 2373.9394631920636;
		0.0, 5.2506280754459054e-11, -4.0280475616187455e-08, 1.083265739352965e-05, -0.00026494124215281276, 7.978743928156534, 1257.903488838915;
		0.0, 7.038828426908239e-11, -5.401094099702414e-08, 1.453678015569592e-05, -0.0003553624089782883, 10.736819416461403, 1676.0809871563404;
		0.0, 4.149354145145604e-10, -3.1846538675966236e-07, 8.578338853840605e-05, -0.0020960145377676154, 63.537199488967154, 9818.453263265304;
		0.0, 7.875035873803332e-11, -6.045564898748352e-08, 1.6298229470660144e-05, -0.00039803294188318965, 12.105695843883085, 1851.367236252065;
		0.0, 1.0016999334823444e-11, -7.691777199380761e-09, 2.0753937836362103e-06, -5.0660182829231294e-05, 1.545890053736719, 233.91858604385015;
		0.0, 2.4907992029685398e-11, -1.913085855440839e-08, 5.166374831319859e-06, -0.00012604932290742236, 3.8591760869198652, 577.6470471750796;
		0.0, 3.7273494112322746e-12, -2.8635479306864096e-09, 7.739993426806823e-07, -1.887490444829185e-05, 0.5798014102260336, 85.82833031375348;
		0.0, 8.242069003096055e-13, -6.333605081694244e-10, 1.713477756702859e-07, -4.176514399587271e-06, 0.12871942121894997, 18.84011412498499;
		0.0, 2.0797021362030663e-11, -1.598556146725554e-08, 4.3286554283161706e-06, -0.00010545863080424809, 3.2609186121158293, 471.8189099796433
	];