	///////////////////////////////////
	// Borefield Constants //
	///////////////////////////////////
	parameter Real Kappa_agg_Constants[19, 7] = [
		0.0, -4.49843792853496e-12, 3.533415945039569e-09, -9.214895966575621e-07, 0.012436330669261563, 1.3575282198383491, 0.39217229221637356;
		0.0, 4.191532347166875e-11, -3.0851410701893615e-08, 7.279839243532204e-06, 0.026370286522958628, 6.770717715596767, -2.89442664693711;
		0.0, -1.4990623133611502e-10, 9.099186332742498e-08, -1.6600720235636997e-05, 0.1436847293080579, 39.66624378926883, 15.73833795719491;
		0.0, 1.590464649696977e-10, 4.606518982067588e-08, -3.30476430655158e-05, 2.346457452044972, 665.3128353636964, 234.4906538804568;
		0.0, 9.691278051111297e-11, -3.7289435751614296e-08, -2.6866592010132876e-07, 1.3523831993686672, 382.8509674131252, 173.02039202689957;
		0.0, -7.255825820730249e-12, 5.449003409315105e-09, -1.987214219946118e-06, 0.23643234875299163, 66.38993428445359, 43.31909679604085;
		0.0, -2.948751450850477e-12, 2.08936887344471e-09, -5.711019734941901e-07, 0.02716693204340786, 7.569775275186966, 7.384840446144472;
		0.0, -2.05658061378018e-12, 1.4953672216133678e-09, -4.0122392796567044e-07, 0.008853430601762151, 2.4441532321268626, 3.726089484714268;
		0.0, -5.942887508971345e-11, 4.381390009112e-08, -1.1844808283100785e-05, 0.12423088197013912, 32.85713107185213, 81.60197108680475;
		0.0, -5.439213369301757e-10, 4.0965892556808006e-07, -0.00011390259849054313, 0.6449108592468109, 135.2111950139578, 554.6071615373185;
		0.0, -1.4805365703574426e-10, 1.1526867967938256e-07, -3.363000028356128e-05, 0.1174421496791142, 15.749120585599048, 106.16346911095232;
		0.0, -3.347481356166478e-11, 2.677410235846168e-08, -8.179946906565659e-06, 0.017671893464618813, 1.4910361582564415, 16.983568468183563;
		0.0, -7.742967697928018e-09, 6.084545606032113e-06, -0.001838116879408745, 2.0203915226500078, 112.2202574183734, 2366.83896674088;
		0.0, -3.902066287698784e-09, 3.0339499754717935e-06, -0.0008950330263641436, 0.4005659296587486, 13.655564669262272, 664.7653755063267;
		0.0, -1.6879673855595171e-09, 1.3749180886996502e-06, -0.0004239892711529264, 0.08066323775959669, 0.7735927672807932, 208.19867063283596;
		0.0, -3.671440546767479e-09, 3.5863373846502362e-06, -0.0013459642498683513, 0.1828616135091533, -2.2609021494197052, 713.9454266337995;
		0.0, 2.160489140685185e-08, -1.6453813994820126e-05, 0.004736516435773531, -0.139528871754554, 18.259139296537384, -455.771024012821;
		0.0, 3.220909014070344e-08, -2.493443022188215e-05, 0.007204373080899281, -0.18078503801015877, 26.92053220150613, 428.7934460567512;
		0.0, 3.625332571305667e-08, -2.7642273884041176e-05, 0.0074519793599189975, -0.1827813316340095, 47.854355443705295, 5330.590074373217
	];
	parameter Real Gamma_Constants[7] = {0.0, -5.690035313417519e-10, 4.2614930239250924e-07, 3.66646086663859e-05, 0.00889298226026785, 1.8134748341207365, -9.626896328822811};
	parameter Real Xi_Ext_Constants[7] = {0.0, -1.5084778838797273e-09, 1.1252043638043902e-06, 0.00011090721581841621, 0.13452869965253444, 4.924804050140472, -5.308277901257545};
	parameter Real Xi_Inj_Constants[7] = {0.0, -1.5084778838797273e-09, 1.1252043638043902e-06, 0.00011090721581841621, 0.13452869965253444, 4.924804050140472, -5.308277901257545};
	parameter Real Kappa_L3_Constants[480, 7] = [
		0.0, -2.6776775610878973e-10, 1.9839138492694744e-07, -5.3929333864486314e-05, 2.74037368353762, 67.67685575258365, 53.67572522096326;
		0.0, -8.752415337624192e-11, 6.69880996350902e-08, -1.905863078633895e-05, 0.0834651386534558, 14.118861815592636, 74.69430562646725;
		0.0, -1.215802703583633e-10, 9.54811952687802e-08, -2.821850314567286e-05, 0.08620133764673313, 17.15794402617151, 132.71792448688504;
		0.0, -1.9344593367146798e-10, 1.5420201710121525e-07, -4.670281908499882e-05, 0.1126498945185148, 25.06109663977611, 251.21750767717668;
		0.0, -5.1548197494903956e-11, 4.129855865544195e-08, -1.2657418615257624e-05, 0.02513510699612505, 6.133092000279673, 75.36340577612312;
		0.0, -1.3466487069097923e-11, 1.0763229889165258e-08, -3.3043745322631685e-06, 0.005502498912345115, 1.4535423553609956, 21.196314378855615;
		0.0, -1.226554261024605e-11, 9.754032864189606e-09, -2.984107232499407e-06, 0.0041951145963691604, 1.1843706450266203, 20.096916591189718;
		0.0, -3.2853501731560326e-10, 2.594661546710524e-07, -7.88391142838982e-05, 0.09488127388780372, 28.42795521844607, 552.7758109191617;
		0.0, -6.257124530110057e-12, 4.91530710963836e-09, -1.4837100040887332e-06, 0.0015347326674693832, 0.48278354412878527, 10.663815080844516;
		0.0, -2.854639809271791e-10, 2.230772004747912e-07, -6.686855335875386e-05, 0.0605469530438047, 19.920665839908942, 493.70064337139775;
		0.0, -3.1502440348538933e-10, 2.454105373995778e-07, -7.318812362279577e-05, 0.05771023460657745, 19.626852418168873, 546.9054269123812;
		0.0, -1.1469798526425578e-09, 8.915461991206122e-07, -0.0002647746092212259, 0.18625648707336215, 65.42328406301114, 2020.9284495258933;
		0.0, -7.787812796659236e-10, 6.044523835923409e-07, -0.00017891215796085486, 0.11278564848925182, 40.64045265087846, 1389.2124039679663;
		0.0, -3.642392899558072e-10, 2.826026550511926e-07, -8.347074823162484e-05, 0.04689936342658882, 17.163461743755583, 653.6773244927642;
		0.0, -2.6282690469178095e-10, 2.0399580764684612e-07, -6.0188230769279744e-05, 0.030719043387063827, 11.410738326223468, 478.9842684274997;
		0.0, 0.0, 1.1562825130005957e-07, -7.239951332764096e-05, 0.08560184760525097, 37.60454957398937, 1376.1166492411976;
		0.0, -4.5730575036792863e-10, 3.556418382205533e-07, -0.0001048942046556357, 0.045210767796557784, 17.093540562930556, 863.6334940560537;
		0.0, -3.5301328353280633e-10, 2.7500277667445647e-07, -8.116862158620737e-05, 0.032007635695092004, 12.05009687332746, 675.3503122831036;
		0.0, -5.621620049521504e-12, 4.388133700933472e-09, -1.2968447642433007e-06, 0.00047403036042986034, 0.17759468476504328, 10.957282737324663;
		0.0, -1.51227448896953e-09, 1.1829583636275853e-06, -0.00035017633021798046, 0.12040207252219913, 44.98298258126446, 3020.267831475311;
		0.0, -9.235275888621686e-10, 7.240018141048939e-07, -0.00021471124814854376, 0.0699541665049199, 26.03237676725172, 1892.8434586325716;
		0.0, -4.014277733671615e-11, 3.1556066723541125e-08, -9.379726315800341e-06, 0.0028437591065868044, 1.0323153016249018, 83.64405135250153;
		0.0, -1.3109095049337293e-09, 1.0335522764843523e-06, -0.0003080293236149819, 0.08735683911412753, 30.774423846060053, 2782.8556716549892;
		0.0, -1.547408192806672e-09, 1.2237284085085863e-06, -0.0003657602433916786, 0.09783320620359676, 33.38932732916638, 3356.9770804203617;
		0.0, -2.7604611709564983e-10, 2.1896089853752658e-07, -6.564013497603968e-05, 0.016708613929297973, 5.528888211487516, 613.751462454989;
		0.0, -3.0676161208811904e-09, 2.440157666787582e-06, -0.0007336464137393113, 0.17945187722339684, 57.813147579395974, 7008.237835848356;
		0.0, -3.8365829596870726e-09, 3.0601721261774143e-06, -0.0009227017254037102, 0.21817280801347566, 68.53489792295103, 9014.95169867722;
		0.0, -2.4745596267005525e-10, 1.9809988499468208e-07, -5.995431551720026e-05, 0.013484782997873522, 3.9909968722876945, 594.8189737564297;
		0.0, -1.972683192987618e-09, 1.5854347139217234e-06, -0.00048178343075245113, 0.10319781499841205, 28.401404891951483, 4854.766703707807;
		0.0, -3.917843468109464e-11, 3.1613247766362564e-08, -9.647112111060182e-06, 0.0019776756829004297, 0.5025107870962973, 98.88868565293296;
		0.0, -1.7039029074213108e-09, 1.3803516417306523e-06, -0.0004230193563014371, 0.08342867314111035, 19.460047244466164, 4417.6436354464895;
		0.0, -1.3594331960038408e-10, 1.1055428392870481e-07, -3.402188559190937e-05, 0.006490235555876369, 1.3852340079296763, 362.46272759108757;
		0.0, -3.852419782056556e-11, 3.144313002813418e-08, -9.71486646837147e-06, 0.00180264642947043, 0.35228987131570927, 105.71524817234756;
		0.0, -9.364922215980642e-10, 7.668653673751587e-07, -0.00023780199765290752, 0.04316707644559378, 7.773853119266132, 2645.7665683767477;
		0.0, -4.6409700040879964e-10, 3.8123788439689263e-07, -0.00011864015073192343, 0.021123447898651355, 3.493796877028595, 1349.6535896772534;
		0.0, -1.7147272679633338e-10, 1.4152820845692714e-07, -4.427094143465931e-05, 0.007640780931890145, 1.0559425007168528, 513.4110240923794;
		0.0, -4.642729145495054e-11, 3.851661378236318e-08, -1.2115627306750851e-05, 0.002028673397764466, 0.22065501759750172, 143.3164575547236;
		0.0, -9.475756223337056e-11, 7.902359698471488e-08, -2.499942964033655e-05, 0.004073566255442767, 0.3236063749315924, 301.9433490116694;
		0.0, -2.6553530316173383e-09, 2.226113385360453e-06, -0.0007083020309041224, 0.11266303046984132, 5.707673919850577, 8742.658435206817;
		0.0, -3.06077722988228e-11, 2.5794037048154406e-08, -8.254174377305116e-06, 0.0012855359183841185, 0.029419645524887076, 104.19273004997842;
		0.0, -4.508420661149762e-10, 3.8187051390264884e-07, -0.00012288419410061449, 0.0187956285766483, -0.06455161253776892, 1587.1434479328375;
		0.0, -5.751379146516473e-09, 4.8951225751530345e-06, -0.0015836599274929148, 0.23857720666978258, -6.647493867805216, 20933.65751135245;
		0.0, -6.471495745180648e-11, 5.532794258208269e-08, -1.798885170769184e-05, 0.0026766248826787967, -0.13372086420243703, 243.35746873585063;
		0.0, -3.5072319694633966e-10, 3.0105672900339556e-07, -9.832271070986811e-05, 0.014487958338815938, -1.004155666935319, 1360.8886764823494;
		0.0, -5.599783888105084e-10, 4.823516706624026e-07, -0.00015814990267901515, 0.02313317237523714, -1.9834928148175517, 2238.363608866576;
		0.0, -3.950257149948111e-09, 3.420895940964418e-06, -0.001128213132867973, 0.16308314738060647, -18.1948927994836, 16346.555443757361;
		0.0, -2.246491404103693e-10, 1.9586141261242943e-07, -6.50696916830785e-05, 0.009278430402994576, -1.3296508503539193, 966.592005424125;
		0.0, -2.4814133076521317e-10, 2.1783687254460524e-07, -7.291191767819536e-05, 0.010274789890784803, -1.7911459195742154, 1111.2067443107674;
		0.0, -1.8217174453659866e-10, 1.6104077336071e-07, -5.4309071246202715e-05, 0.007576807073739767, -1.5488981571837026, 849.6433142369984;
		0.0, -3.404714248151445e-09, 3.030883641400919e-06, -0.0010298697770332564, 0.14248361287209704, -33.25403218032374, 16545.897435537838;
		0.0, -3.5229526373858127e-10, 3.157955474908853e-07, -0.00010811001484009357, 0.014855136901720875, -3.878460783688455, 1784.0108556888524;
		0.0, -1.0063854618872924e-13, 1.0965857986013034e-10, -4.402439436797925e-08, 8.193683486360138e-06, 0.0, 1;
		0.0, -8.874418424821161e-14, 1.0106379651698744e-10, -4.179085185691166e-08, 7.939577866659563e-06, 0.0, 1;
		0.0, -7.683937849378947e-10, 7.024944917792012e-07, -0.0002456503383292937, 0.03332718077202056, -11.168164746300661, 4388.651538343511;
		0.0, -8.723986819674262e-10, 8.023063425146901e-07, -0.0002823427775955654, 0.03822165171213445, -13.623268270315723, 5173.915343897548;
		0.0, -3.9337380262254805e-11, 3.637362059672129e-08, -1.287544616706833e-05, 0.0017405367190015764, -0.6543020084247759, 241.7885765964464;
		0.0, -1.7383989243050918e-09, 1.6152140296456244e-06, -0.0005747455678909085, 0.07763165908537549, -30.552418071203743, 11047.569329809186;
		0.0, -2.386093614382735e-10, 2.2262601081724138e-07, -7.957680366715119e-05, 0.010744995155354266, -4.39681912761341, 1563.522962766216;
		0.0, -1.6199693574278353e-10, 1.5183300281197758e-07, -5.453892991660877e-05, 0.007362871018187206, -3.1337436836754295, 1095.814360011106;
		0.0, -6.758164472673035e-11, 6.38570988764007e-08, -2.3134989526118284e-05, 0.0031222323062719856, -1.406278366333576, 478.2994692015221;
		0.0, -4.279303372030819e-10, 4.0780140821686623e-07, -0.00014907281526806656, 0.020127141867008213, -9.563995245536267, 3173.789380925471;
		0.0, 3.5134892747502467e-09, -2.551657673329317e-06, 0.0006903841954118839, -0.031765418216925086, 90.84282872191422, -5192.449079755197;
		0.0, 8.295945414529095e-11, -5.847018631821538e-08, 1.527518425146107e-05, -0.0006021366690236636, 2.0843894560876066, -98.66536213377104;
		0.0, 3.3636185453178543e-10, -2.377925916582095e-07, 6.235938771753111e-05, -0.0024403891453645926, 8.719892521709626, -408.3659829515013;
		0.0, 7.932307437739621e-10, -5.623889716337987e-07, 0.00014801212962213165, -0.005751448822337211, 21.193104916304623, -982.1334924118239;
		0.0, 5.300317137278813e-11, -3.767999867951625e-08, 9.950344243903355e-06, -0.0003840050688792176, 1.4577749673778402, -66.86781395234652;
		0.0, 8.276313119984112e-10, -5.898531705428712e-07, 0.00015626005075773685, -0.005990608679208487, 23.405519569133524, -1062.9735783740593;
		0.0, 5.898710753394127e-10, -4.213960192684736e-07, 0.00011196548049018707, -0.0042653286223781105, 17.132926915871188, -770.6618348645931;
		0.0, 1.1884570856424702e-10, -8.5088927335162e-08, 2.2671036867232324e-05, -0.0008584589638499608, 3.54120759196999, -157.82802966396122;
		0.0, 6.503816950471712e-11, -4.6660223967381e-08, 1.24643125667435e-05, -0.0004692975527309436, 1.9857895805123438, -87.73390688688987;
		0.0, 4.4616457790567146e-14, 2.5451066721553573e-12, -1.5341476232815338e-08, 4.775971085332591e-06, 0.0, 1;
		0.0, 2.969274509794523e-10, -2.1380036352298455e-07, 5.7376885668486305e-05, -0.002138335802019487, 9.486660480684785, -412.51143597956764;
		0.0, 7.11214922796307e-11, -5.1292371722401316e-08, 1.379334005624685e-05, -0.0005117536116515862, 2.320410195587361, -100.19019071873126;
		0.0, 3.333740580236528e-11, -2.4077691180434558e-08, 6.487009317118679e-06, -0.00023970933838433187, 1.1094172898965615, -47.59787133588818;
		0.0, 8.945501762524308e-11, -6.469293698395676e-08, 1.7459249207631487e-05, -0.0006428691085269987, 3.0329270833396804, -129.3915761658858;
		0.0, 4.8611442187597577e-11, -3.519646661707821e-08, 9.513372731096706e-06, -0.0003492230013894407, 1.6772068506983384, -71.206513478595;
		0.0, 6.042323695654993e-14, -1.0466646931091385e-11, -1.1334303731318333e-08, 4.205512151710021e-06, 0.0, 1;
		0.0, 3.123682639903752e-10, -2.2698022189267174e-07, 6.162851879205814e-05, -0.002235015206854437, 11.263595098193656, -468.9048658836166;
		0.0, 1.0622066672100362e-10, -7.733085285136766e-08, 2.104607641798017e-05, -0.0007580506541346311, 3.9186947647647496, -161.29943781822925;
		0.0, 2.7772070102887643e-11, -2.02553836243738e-08, 5.525116409918148e-06, -0.0001976797964398706, 1.0476576681136238, -42.640392242016475;
		0.0, 4.2318538614768126e-11, -3.091845973444939e-08, 8.452017404868169e-06, -0.0003004321426499998, 1.6314632909361162, -65.66375147603077;
		0.0, 2.668105198296568e-10, -1.9525976661377375e-07, 5.348810921466681e-05, -0.0018892364507534598, 10.506146142516819, -418.20187845384476;
		0.0, 2.787398054264678e-10, -2.0431484308414224e-07, 5.6079970268522675e-05, -0.0019686225289798653, 11.204503788770253, -441.15056966362647;
		0.0, 1.378059242327535e-11, -1.0116475761205179e-08, 2.7820374464434077e-06, -9.707999467515413e-05, 0.5651648541111315, -22.01347675841576;
		0.0, 4.441644238952607e-11, -3.2653989146714936e-08, 8.996218809544327e-06, -0.0003121262235846534, 1.8574960285410098, -71.58809847865082;
		0.0, 9.454442758929867e-14, -3.6402129964660305e-11, -4.0909880579280724e-09, 3.289479584790747e-06, 0.0, 1;
		0.0, 3.087283733813527e-09, -2.2758619599441934e-06, 0.0006291375796389254, -0.02159253333959776, 134.03188651219168, -5060.556296560657;
		0.0, 6.85019862974527e-11, -5.056153857136351e-08, 1.399936497176998e-05, -0.00047802913565045846, 3.027676086920565, -113.18779218275604;
		0.0, 1.3037342555264242e-11, -9.63447105999963e-09, 2.6716068731763267e-06, -9.078282962116166e-05, 0.586326428011275, -21.709590001112492;
		0.0, 8.930906150205122e-10, -6.607403792501193e-07, 0.00018348540959050344, -0.0062060491406072, 40.84712512946072, -1498.403800720471;
		0.0, 4.078992073226097e-09, -3.021066812824222e-06, 0.0008400930945688687, -0.02828919885944659, 189.63020190081423, -6894.052423397611;
		0.0, 2.440628584178938e-10, -1.809496058826205e-07, 5.038397331217537e-05, -0.0016895125636951815, 11.52708616391883, -415.4722576208729;
		0.0, 1.4806091268474361e-10, -1.0988082722761365e-07, 3.063349897671303e-05, -0.0010231439172079424, 7.10063928276286, -253.82991927009385;
		0.0, 1.399093505202118e-09, -1.039277527969147e-06, 0.00029008095290073836, -0.009652163609259107, 68.09576737856541, -2415.281161575533;
		0.0, 3.21308866638176e-11, -2.388851175264781e-08, 6.675189759457339e-06, -0.00022132349712907098, 1.5863186304536057, -55.85109931763625;
		0.0, 4.042055999092308e-11, -3.007663136643962e-08, 8.413276372574927e-06, -0.00027802227480938483, 2.0232196830492866, -70.74276280757309;
		0.0, 2.849070963225246e-10, -2.1216318566843166e-07, 5.940770071094957e-05, -0.0019570378284791555, 14.450937312856055, -502.0531569154082;
		0.0, 5.778151947682349e-10, -4.306014069338778e-07, 0.00012068709294765834, -0.003964154625336798, 29.68333141807018, -1025.2065327730559;
		0.0, 1.004796776226184e-10, -7.493199511583747e-08, 2.1020581796347225e-05, -0.0006885588249049256, 5.225627004431202, -179.50526035676666;
		0.0, 1.2306631392904708e-10, -9.185784621861898e-08, 2.579754528068839e-05, -0.0008414491486725721, 6.492591868419662, -220.90863443332913;
		0.0, 5.689105498438181e-09, -4.250572358303343e-06, 0.0011951832817195629, -0.03878998947464877, 304.7680840307394, -10247.357896146732;
		0.0, 1.915409812167146e-10, -1.4324429644062392e-07, 4.032475828248062e-05, -0.001302427736182547, 10.416342530196077, -346.10153998390797;
		0.0, 3.966739105496463e-10, -2.9692568753144004e-07, 8.368208166457442e-05, -0.002690129485871793, 21.89261423371568, -718.8437006764103;
		0.0, 5.847118964851617e-09, -4.3806776376923e-06, 0.0012359466877592277, -0.039551411730986766, 327.41585046613943, -10624.105517832686;
		0.0, 6.149276989756058e-09, -4.611007628001707e-06, 0.0013023030414503981, -0.0414914703301779, 349.2690001469715, -11200.067257611403;
		0.0, 3.425519407690513e-11, -2.5707406103711485e-08, 7.268031959158648e-06, -0.0002305743077511608, 1.972995897706736, -62.5275735700065;
		0.0, 5.823208447996033e-10, -4.373632625626323e-07, 0.00012377370473745257, -0.003910498282008951, 34.002642413579245, -1065.0372237453578;
		0.0, 1.1496611049031756e-10, -8.641446961739405e-08, 2.447855514687896e-05, -0.0007703009903546093, 6.803913519173653, -210.6417773992985;
		0.0, 1.380516885347727e-09, -1.0384462609677643e-06, 0.00029443054327799945, -0.009229722610978779, 82.786351433216, -2533.43796770621;
		0.0, 2.9493385164513097e-09, -2.2201485500356887e-06, 0.0006300386845783904, -0.01967716826213077, 179.16800865856925, -5420.198947156589;
		0.0, 4.780556351853529e-11, -3.601147118722862e-08, 1.0228214225626748e-05, -0.000318303474190726, 2.941205479307315, -87.96832553181277;
		0.0, 7.51157778042398e-10, -5.662248905903073e-07, 0.00016095692191619434, -0.004991737664434573, 46.79321616175999, -1383.817015535047;
		0.0, 5.466298730938663e-10, -4.1232273878312257e-07, 0.00011730276382187001, -0.0036257899005177306, 34.47029650575733, -1008.06813534453;
		0.0, 4.488880444386008e-09, -3.3881245595104073e-06, 0.0009646498681613988, -0.029721140886674383, 286.47480654493523, -8285.922640490695;
		0.0, 4.1655829517245016e-10, -3.146054021871056e-07, 8.964075771059297e-05, -0.002753268763395436, 26.897945105987574, -769.5724826443792;
		0.0, 2.0723205356383707e-10, -1.5660603481910848e-07, 4.465468609250783e-05, -0.0013674147251577203, 13.536143934385588, -383.15483155272403;
		0.0, 2.088156800339163e-10, -1.5789500499199243e-07, 4.505436710368434e-05, -0.0013756235661732505, 13.794221819276638, -386.3714006804157;
		0.0, 1.3028650137513992e-13, -6.845807333030556e-11, 6.693953186296523e-09, 1.6117182586967415e-06, 0.0, 1;
		0.0, 1.0168876936167453e-10, -7.697771939772182e-08, 2.1995197161826997e-05, -0.0006678107737271292, 6.866087585447799, -188.42563840119658;
		0.0, 2.5929940514233367e-11, -1.963936389412618e-08, 5.615334620503044e-06, -0.0001700306107525212, 1.769485397649777, -48.08242822414584;
		0.0, 5.587291360841886e-11, -4.234043239953622e-08, 1.2113839905083258e-05, -0.0003658338719229882, 3.85268322494898, -103.68593510715877;
		0.0, 1.2663308737764443e-10, -9.60116221474906e-08, 2.7486664464930778e-05, -0.0008279337493359859, 8.821335976753666, -235.1928580878042;
		0.0, 3.4032000941920666e-11, -2.581557091334416e-08, 7.3951261843851635e-06, -0.00022218144305405393, 2.394473184649187, -63.264107268790504;
		0.0, 5.719121206827142e-10, -4.340467894792379e-07, 0.0001244114765602106, -0.0037284196263026527, 40.63483745841593, -1064.2322259299033;
		0.0, 1.3882888945617176e-11, -1.0541340526228652e-08, 3.023254607424673e-06, -9.037561474058205e-05, 0.9958834517902665, -25.862988274606586;
		0.0, 1.4016701303158136e-10, -1.0647966102807587e-07, 3.055596084828333e-05, -0.0009111530311144773, 10.149572680158371, -261.4575063403762;
		0.0, 1.2760734338018367e-10, -9.698349066322769e-08, 2.7846679046613685e-05, -0.0008283067140423427, 9.325364035088343, -238.3761474709545;
		0.0, 1.9644011458152516e-10, -1.4936555066681207e-07, 4.291101301815817e-05, -0.0012732383154055687, 14.485198543763783, -367.5662458363281;
		0.0, 8.53319367533451e-09, -6.491220819985021e-06, 0.0018658712177246823, -0.05522349299108082, 634.8519713562608, -15988.480580496602;
		0.0, 3.2395060208266435e-12, -2.46534077807166e-09, 7.089891565017126e-07, -2.0922406749886706e-05, 0.24336192673278892, -6.049031386970391;
		0.0, 3.0248083959704276e-11, -2.302880624232128e-08, 6.625630318821797e-06, -0.00019495144310909858, 2.294691479360379, -56.207104782520695;
		0.0, 5.272893405431789e-10, -4.015984281759555e-07, 0.00011559342646126932, -0.0033915829225545377, 40.389459423590296, -974.7922729655344;
		0.0, 2.2539055117817385e-10, -1.7172853413642203e-07, 4.9449449674139586e-05, -0.0014469149781646802, 17.4296268558149, -414.43274052659456;
		0.0, 8.80110842347127e-09, -6.7081452159683725e-06, 0.0019323785712506922, -0.056393307763212976, 687.0127319625337, -16091.608061249914;
		0.0, 3.387175653770916e-11, -2.582593371095889e-08, 7.442345813207193e-06, -0.00021664056034262878, 2.668596583197353, -61.56518076123217;
		0.0, 2.3682015844543655e-12, -1.8062811473117567e-09, 5.207110913399024e-07, -1.512031863035642e-05, 0.18828914016791495, -4.278048982703432;
		0.0, 1.7427697580439337e-11, -1.329690243388262e-08, 3.834542951987684e-06, -0.00011108370121946529, 1.398146401510528, -31.281982944545348;
		0.0, 5.291663199700968e-11, -4.0387053349831585e-08, 1.1650680987855548e-05, -0.0003367423689234263, 4.283084169163467, -94.35712997198735;
		0.0, 2.2032874567644056e-10, -1.6821187570279318e-07, 4.8540760520621915e-05, -0.0013999042733339572, 17.990127399623056, -390.19955918645866;
		0.0, 2.585943640066124e-12, -1.974860361074423e-09, 5.700622134396523e-07, -1.6405643987898245e-05, 0.21297511843499908, -4.547540377478705;
		0.0, 2.699569618580284e-10, -2.0622451689594868e-07, 5.954668794227355e-05, -0.0017101727879698626, 22.423336780328608, -471.30994454703676;
		0.0, 3.205838447994853e-11, -2.4496989212083703e-08, 7.0755043321630686e-06, -0.00020280624071815148, 2.6853051870748725, -55.55529567722854;
		0.0, 4.1922048595194593e-10, -3.2043216666960367e-07, 9.257730079587964e-05, -0.002648488330930127, 35.40728047700559, -720.9747420286957;
		0.0, 7.646737833072468e-11, -5.8464171218829207e-08, 1.689579459679815e-05, -0.00048246706859169796, 6.5114426300471315, -130.48905631870912;
		0.0, 2.1749802531466728e-11, -1.6633618622647778e-08, 4.808317569559557e-06, -0.00013705703552684137, 1.8670745970736873, -36.8218748744177;
		0.0, 3.864716378702931e-11, -2.95641207962696e-08, 8.548432504119197e-06, -0.00024323997797475318, 3.344143749499591, -64.90206305533721;
		0.0, 6.451333430412684e-10, -4.936409023628585e-07, 0.000142772875581533, -0.004055580673947116, 56.26453255914077, -1074.5436697250002;
		0.0, 5.4715367174975066e-11, -4.187781184708367e-08, 1.211518246380283e-05, -0.000343567561982878, 4.809177900177956, -90.37896852458844;
		0.0, 8.226617213212837e-11, -6.298077172000922e-08, 1.8224857671788618e-05, -0.0005159819243925577, 7.286499091408381, -134.74706440957672;
		0.0, 1.6887723896693928e-11, -1.2932102338204022e-08, 3.7431277486446197e-06, -0.00010580435742818233, 1.5071829838499942, -27.426613341362007;
		0.0, 1.293855639001009e-09, -9.910481961644102e-07, 0.00028692556638053627, -0.008097376726966705, 116.34308191787939, -2083.3429363504015;
		0.0, 1.70278355691547e-10, -1.3046056959328037e-07, 3.778006769198681e-05, -0.0010645074805769059, 15.425462315734833, -271.82347647371967;
		0.0, 7.497712653871458e-10, -5.745921386719175e-07, 0.0001664380178774302, -0.0046822121633872315, 68.42219048515308, -1186.5758351772995;
		0.0, 4.833381429428405e-11, -3.7050455638147595e-08, 1.0734866942019993e-05, -0.00030151331683265473, 4.442993814985646, -75.8320295499615;
		0.0, 3.3894429491906614e-10, -2.598862054796174e-07, 7.531784176255466e-05, -0.0021121006598378194, 31.381801052140442, -527.1929807989324;
		0.0, 3.1060731143727274e-11, -2.382210419476184e-08, 6.905704393530214e-06, -0.00019334112243798762, 2.8963833416585, -47.896889293762584;
		0.0, 1.7078983476486317e-11, -1.310223594939717e-08, 3.799168855738607e-06, -0.00010619249570767782, 1.603882447920986, -26.11179305321789;
		0.0, 6.240157669921429e-10, -4.788457835254024e-07, 0.0001388854439163503, -0.003875586378417633, 59.01265672860221, -945.9874288128982;
		0.0, 3.901152208962143e-10, -2.99441294102527e-07, 8.687474640313656e-05, -0.0024200982292839047, 37.14973827405303, -586.4683564049776;
		0.0, 4.957966567880468e-12, -3.8066543231751105e-09, 1.1047131251731459e-06, -3.0720487128158913e-05, 0.47539606561372083, -7.392253253085999;
		0.0, 1.4631278105062724e-09, -1.1236880717510637e-06, 0.0003261969119513472, -0.009054716736685146, 141.25392452861044, -2163.958159951763;
		0.0, 3.0004208251869656e-10, -2.3050071384625278e-07, 6.693273914777717e-05, -0.0018544897895416694, 29.16388449534373, -440.278592927581;
		0.0, 3.9076519011245704e-11, -3.0028648135923805e-08, 8.722460300614008e-06, -0.00024120545907557452, 3.8238778839821004, -56.903537921367686;
		0.0, 3.715386512830916e-13, -2.855993557199081e-10, 8.298553461655488e-08, -2.2902421885664836e-06, 0.03660146274387879, -0.5370553309385343;
		0.0, 8.174040241696284e-11, -6.285316899128967e-08, 1.8269214886487972e-05, -0.0005031480620669291, 8.106259383982827, -117.3203818338502;
		0.0, 3.830030164744423e-10, -2.94600772695027e-07, 8.566038700840189e-05, -0.0023540522062363944, 38.23483864607243, -546.0161856904194;
		0.0, 4.270986718402418e-12, -3.2862880014770592e-09, 9.558981246152985e-07, -2.6210096005588528e-05, 0.4291846111345814, -6.050070024699137;
		0.0, 7.152405841622975e-11, -5.5049490395301955e-08, 1.6017126514286785e-05, -0.00043822005988438685, 7.2337168643187795, -100.40099011370614;
		0.0, 3.566816712893678e-12, -2.7454438546546317e-09, 7.987754646173793e-07, -2.181865745465115e-05, 0.36288949874628706, -4.906294934626126;
		0.0, 3.53563677359989e-10, -2.721567493803405e-07, 7.917633599987571e-05, -0.002159450291852881, 36.18223866034287, -475.73104767841915;
		0.0, 3.4238350779857485e-10, -2.635611475062662e-07, 7.666868219705781e-05, -0.002088031927538263, 35.24047245503692, -450.2583079505861;
		0.0, 7.00326805891919e-10, -5.391181957277067e-07, 0.00015681130622382432, -0.004264755041540192, 72.49339703975288, -899.3410122246881;
		0.0, 1.141685608750725e-12, -8.789056488439642e-10, 2.5561666010415383e-07, -6.942711383497602e-06, 0.118845189875806, -1.4303731002546445;
		0.0, 1.1309840030553027e-10, -8.706882533695055e-08, 2.531979186301256e-05, -0.0006868284490614022, 11.838545407408962, -138.11032544900488;
		0.0, 7.20842250338343e-11, -5.549516379657576e-08, 1.613616838542291e-05, -0.00043718060356456444, 7.586808748775403, -85.71287047335719;
		0.0, 4.803399609782449e-10, -3.6980325081750953e-07, 0.00010751311608102694, -0.0029094948266137387, 50.829503013241975, -555.5725103767506;
		0.0, 7.293328138971162e-12, -5.615048095919039e-09, 1.6322533097574585e-06, -4.4122671742510665e-05, 0.7759134637484427, -8.1965810060268;
		0.0, 3.9359723646152965e-11, -3.030290869516204e-08, 8.80764788093768e-06, -0.0002378338942856682, 4.209524619372247, -42.93183212852481;
		0.0, 1.711041222985088e-11, -1.317335269341345e-08, 3.828352984631925e-06, -0.00010327274055248617, 1.8395389335735122, -18.092052806095626;
		0.0, 3.946396416821051e-10, -3.038360951783017e-07, 8.828640439450379e-05, -0.0023792864781009035, 42.64731968520601, -403.9984594697423;
		0.0, 4.1397900319754735e-10, -3.1872728671205475e-07, 9.260014596325104e-05, -0.0024932278370618107, 44.96639624413112, -409.76154439139214;
		0.0, 4.528180297050563e-10, -3.486314572720815e-07, 0.00010127362163431658, -0.002724337129449951, 49.43440217650913, -432.7502282140173;
		0.0, 3.7037977832513334e-11, -2.851622237552884e-08, 8.282451430173377e-06, -0.00022261442620222013, 4.063750825133949, -34.1250060496883;
		0.0, 5.085842381478331e-10, -3.915701126334583e-07, 0.00011371390505183431, -0.003053880677440684, 56.07846544796495, -451.03258319414977;
		0.0, 5.352191519417551e-12, -4.120790388201932e-09, 1.1965258168787359e-06, -3.210831509606731e-05, 0.5930602254387304, -4.560984961466635;
		0.0, 1.10465115706903e-09, -8.505049548408957e-07, 0.0002469201894587583, -0.006620951498203397, 123.00079235752142, -902.910322644397;
		0.0, 1.390239883679454e-10, -1.0703971077683132e-07, 3.1071621160406946e-05, -0.0008325417336927864, 15.555029798962515, -108.78124078503373;
		0.0, 1.8698119646071402e-09, -1.4396523058823132e-06, 0.00041784688563530005, -0.011187831242695019, 210.21388199989278, -1397.6326729527943;
		0.0, 7.930480622077001e-12, -6.106113955524678e-09, 1.772012284625382e-06, -4.741207157892478e-05, 0.8958403342763853, -5.649861395052846;
		0.0, 5.383889047997917e-11, -4.145420238984929e-08, 1.2028586321343792e-05, -0.0003216142610235264, 6.110560683628607, -36.46715187472814;
		0.0, 7.453208458158378e-11, -5.7388447259665386e-08, 1.6650109527728336e-05, -0.0004448769082628577, 8.499040874641267, -47.868037558870256;
		0.0, 3.110418704352149e-10, -2.3950277986833897e-07, 6.947880280113411e-05, -0.001855148832465362, 35.634918346370746, -188.8550487474679;
		0.0, 2.0435838201377328e-11, -1.573608990479218e-08, 4.564475357106326e-06, -0.00012179267175376133, 2.352177973086418, -11.692143831239349;
		0.0, 4.6935676190608674e-12, -3.614284636487915e-09, 1.048267018769428e-06, -2.795144160332278e-05, 0.5427412799639394, -2.5212698748744575;
		0.0, 1.002519603378041e-09, -7.72021774375006e-07, 0.00022389187110922516, -0.005965805069449434, 116.46286196233362, -503.57346658942157;
		0.0, 9.849935993859164e-13, -7.585603684544706e-10, 2.1996928956257016e-07, -5.857141599938384e-06, 0.1149546652004416, -0.4605429186832682;
		0.0, 4.64875900596333e-12, -3.5802788981625333e-09, 1.038141029578623e-06, -2.7622686603026544e-05, 0.5450351827010367, -2.0127522557095467;
		0.0, 1.1598447467176354e-10, -8.933175708148068e-08, 2.5901058706424072e-05, -0.0006886580837313968, 13.660859038400988, -46.22480055579579;
		0.0, 1.8855372741443475e-09, -1.4523485145804893e-06, 0.00042107531069451626, -0.011186949421835969, 223.10142419660738, -686.9588002589546;
		0.0, 4.187807761201547e-11, -3.225934972225868e-08, 9.352487209215815e-06, -0.00024827431043767127, 4.977852801307975, -13.83432943896029;
		0.0, 8.480269946326721e-11, -6.533043610591515e-08, 1.8939797755249023e-05, -0.0005023633227448195, 10.126369489858254, -25.154648116305843;
		0.0, 3.113269269451761e-10, -2.3986318527805767e-07, 6.953727431263068e-05, -0.001842813628796921, 37.34663878576085, -81.93895382684826;
		0.0, 3.3588916369537494e-10, -2.588142739832486e-07, 7.503138957008415e-05, -0.001986594757334079, 40.47855847377943, -77.28144650265322;
		0.0, 1.6182499836422398e-09, -1.24706107648998e-06, 0.0003615347313009881, -0.009563094063692617, 195.91781084030757, -319.3154618792162;
		0.0, 4.2555100787547896e-11, -3.279805947210427e-08, 9.508781002909368e-06, -0.0002512653108620641, 5.175885207662355, -7.01875048392065;
		0.0, 2.2788131603300818e-10, -1.7565679763888154e-07, 5.092885912463279e-05, -0.0013443339428638277, 27.845519183128463, -30.302587618570207;
		0.0, 9.395907370965619e-11, -7.243685367139648e-08, 2.1003337203512605e-05, -0.0005537838044667766, 11.534712173292226, -9.531768165177551;
		0.0, 4.05565537894993e-11, -3.1271732634189943e-08, 9.068149123068469e-06, -0.00023880931367864896, 5.002199714482309, -2.8550170791519527;
		0.0, 3.0411880047330774e-10, -2.345361819475652e-07, 6.801786250239188e-05, -0.0017889823859424808, 37.686576638630676, -12.119517314407831;
		0.0, 2.5007586274670087e-11, -1.9289439329738537e-08, 5.59484034189762e-06, -0.00014695652263041294, 3.1136560300997274, -0.24595406915337223;
		0.0, 3.2477957771783355e-11, -2.5056759566431194e-08, 7.2687290233485146e-06, -0.00019065394173669415, 4.06313544242424, 0.6349199978997031;
		0.0, 8.09628663168911e-13, -6.247640942192435e-10, 1.8126911691009236e-07, -4.7474501723348185e-06, 0.10177597207393746, 0.03915317206815712;
		0.0, 4.795014129746067e-11, -3.7010140021211806e-08, 1.0740210519480367e-05, -0.0002808416948433545, 6.056945473143578, 3.6688089634284475;
		0.0, 4.120513494075998e-11, -3.1811918256514896e-08, 9.233722391798593e-06, -0.00024104551198787062, 5.230446425247241, 4.284090670703707;
		0.0, 5.568153713397596e-12, -4.29996040844967e-09, 1.2484093296498793e-06, -3.253208579508162e-05, 0.7103004921174186, 0.7277657995226643;
		0.0, 3.536720681602087e-11, -2.7319705422580864e-08, 7.933872873102088e-06, -0.00020636231024858653, 4.5341545342933385, 5.5409138754211265;
		0.0, 2.061914723759555e-10, -1.593219376968917e-07, 4.6282098499143e-05, -0.0012014467886266728, 26.5676858090461, 37.49068600464939;
		0.0, 1.1113649716324425e-10, -8.590027292795665e-08, 2.4961164929480287e-05, -0.0006466515805072648, 14.39232267321707, 22.987911158514386;
		0.0, 1.2516530872749366e-12, -9.674296670904842e-10, 2.8106250806543324e-07, -7.2726748289624586e-06, 0.16267701673258672, 0.3173130680202095;
		0.0, 7.446998392882579e-10, -5.755020318201096e-07, 0.00016712226715747896, -0.004321292780455295, 97.0670191248621, 231.63585492064786;
		0.0, 1.1529354909737668e-10, -8.908397945631836e-08, 2.585763946041023e-05, -0.0006681486691130144, 15.070331499541547, 42.54637956358049;
		0.0, 8.23741344391797e-12, -6.363754815087648e-09, 1.846301418741321e-06, -4.76769154458407e-05, 1.079731754322884, 3.520986671612065;
		0.0, 1.033887023165442e-09, -7.985878533717101e-07, 0.00023158477758542065, -0.00597658250975963, 135.8894258049616, 502.7435242948817;
		0.0, 3.8132480467543096e-10, -2.9449023328546226e-07, 8.536007625544949e-05, -0.002201662377833017, 50.25464332481836, 208.008907695212;
		0.0, 7.4837677831709e-10, -5.778588617869902e-07, 0.000167417565110331, -0.004315840052507249, 98.88991405500073, 452.8352357795211;
		0.0, 5.447402032086736e-12, -4.205484360601908e-09, 1.2178379639993398e-06, -3.137885235486873e-05, 0.7216957802163251, 3.6227917641908824;
		0.0, 2.0746046526774083e-12, -1.6013515595062325e-09, 4.6350405324707313e-07, -1.1937096121964202e-05, 0.27556011750348886, 1.5048136108430976;
		0.0, 7.159939342970662e-11, -5.52567288603874e-08, 1.5986180125592677e-05, -0.00041152983146597566, 9.534338090103525, 56.27512170817822;
		0.0, 3.0149709448327503e-10, -2.3263946388159182e-07, 6.727213472369089e-05, -0.0017310782893260163, 40.248474484688785, 255.33638817982114;
		0.0, 3.064224230317686e-12, -2.363988360435045e-09, 6.83265193031845e-07, -1.7575535272770752e-05, 0.41006969541709654, 2.782617257915499;
		0.0, 5.374442926102069e-10, -4.145557759779529e-07, 0.00011976202162450478, -0.003079558208278245, 72.09876985901792, 521.0864698818528;
		0.0, 4.976848089034481e-12, -3.838212513647463e-09, 1.1083008629641835e-06, -2.848975537593513e-05, 0.6692578519257124, 5.132471015011932;
		0.0, 1.4001010532592642e-11, -1.079591860406236e-08, 3.1158837110482686e-06, -8.007280151946933e-05, 1.8872576520702276, 15.305885984170379;
		0.0, 2.0048154575607914e-10, -1.545613422912114e-07, 4.458782628602331e-05, -0.0011455215099562713, 27.087447650404712, 231.62193869890046;
		0.0, 4.6339101473381244e-11, -3.5719145002813e-08, 1.0299381457897863e-05, -0.00026453967807118335, 6.275563787742468, 56.42448675354496;
		0.0, 4.394589953193919e-12, -3.3868794668939774e-09, 9.761257503261323e-07, -2.506612573206566e-05, 0.5965212107342676, 5.625592358085652;
		0.0, 1.1450135587996988e-10, -8.823097370374729e-08, 2.5417016092431353e-05, -0.0006525534615605829, 15.578026822484716, 153.74448835496543;
		0.0, 9.685854365269797e-11, -7.4624012351025e-08, 2.1487267290144377e-05, -0.0005515567568273753, 13.2076773203702, 136.13148365483414;
		0.0, 1.9878588879176888e-11, -1.5312913487860082e-08, 4.407187347203037e-06, -0.00011310838249772794, 2.7167801285882947, 29.187750192331556;
		0.0, 9.388819011726721e-12, -7.231300157143564e-09, 2.080287574172582e-06, -5.3381016098130115e-05, 1.2860413570164568, 14.37628304484526;
		0.0, 1.125368282250428e-11, -8.666322553604015e-09, 2.491997078761999e-06, -6.39361081682664e-05, 1.544930814529622, 17.940455907411174;
		0.0, 2.7628630396155703e-09, -2.1273360663676556e-06, 0.0006114447033776651, -0.015685390587542078, 380.1374948025214, 4578.598304606237;
		0.0, 2.609932067851937e-10, -2.0092987140796632e-07, 5.7726730536772944e-05, -0.0014806690755125875, 35.98944771740714, 448.9647680753482;
		0.0, 2.5729517792025206e-10, -1.9805579080308074e-07, 5.687671391986188e-05, -0.001458682805899092, 35.55826893870778, 458.8181274279656;
		0.0, 3.543522897769563e-11, -2.727306465711093e-08, 7.828864659154279e-06, -0.0002007576171654026, 4.908023641486626, 65.42163717207264;
		0.0, 2.4992343890024097e-11, -1.9233172287049913e-08, 5.518707849515349e-06, -0.00014150059941563884, 3.469298391644817, 47.714802906460214;
		0.0, 8.27015126249803e-11, -6.363632727566949e-08, 1.8252279791432767e-05, -0.0004679347851538645, 11.50569667581707, 163.09187852315995;
		0.0, 6.776150010621373e-09, -5.2134482653947165e-06, 0.0014947439193358704, -0.03831608626074347, 944.8220805282377, 13788.393433713713;
		0.0, 3.960320457560977e-11, -3.046671153890493e-08, 8.731752944538393e-06, -0.00022379981928034843, 5.53437591268746, 83.06844338263728;
		0.0, 2.4987291462026554e-11, -1.9220761403747367e-08, 5.50662189716195e-06, -0.0001411186265806583, 3.4997231708439815, 53.97409322802734;
		0.0, 6.597569062438942e-11, -5.074515019163357e-08, 1.4532920095532605e-05, -0.00037238188075552583, 9.26147986979764, 146.6278993351699;
		0.0, 9.767763281562361e-10, -7.512219732600456e-07, 0.00021506793030353467, -0.00550989016478094, 137.42986790600224, 2231.6033980330844;
		0.0, 2.4780648772887183e-12, -1.9056880543693347e-09, 5.453982393181816e-07, -1.3970328456686205e-05, 0.34945936309227577, 5.81519370104981;
		0.0, 2.5722473994888317e-11, -1.977976369652987e-08, 5.6590407336819934e-06, -0.0001449284196812327, 3.6358225193029456, 61.95188295375583;
		0.0, 1.1229742805226213e-12, -8.634778921694376e-10, 2.469670020287252e-07, -6.32353066528637e-06, 0.15910245800391157, 2.7737748843720786;
		0.0, 7.79463812325368e-08, -5.993137357790889e-05, 0.017136184565968382, -0.4386675983298748, 11069.59628683747, 197306.6739197015;
		0.0, 1.768984469382511e-09, -1.3600757591220282e-06, 0.000388777951509942, -0.00994977966447456, 251.8264013415793, 4585.764173644153;
		0.0, 1.334346337797833e-09, -1.0258705572193521e-06, 0.00029316792526991786, -0.007500796739064019, 190.41500970023168, 3540.028439997295;
		0.0, 1.3711702749228284e-11, -1.054155162725528e-08, 3.011762675403399e-06, -7.703328080225934e-05, 1.961527441223569, 37.20485574697333;
		0.0, 1.6153101325680627e-11, -1.2418313411631478e-08, 3.5471403881533984e-06, -9.06962411090286e-05, 2.3165706623746187, 44.79851227874905;
		0.0, 7.006315226606808e-11, -5.386348737670265e-08, 1.5382158996790522e-05, -0.0003931579000271677, 10.07357035447998, 198.48843365098506;
		0.0, 1.429953387100018e-10, -1.0993335084199319e-07, 3.138825183043278e-05, -0.000801936699514671, 20.612866580830534, 413.57322642427266;
		0.0, 2.8610896225665345e-11, -2.199615092192794e-08, 6.2792421608276e-06, -0.0001603566097391066, 4.135143852755415, 84.43100788296562;
		0.0, 1.5788801165707447e-10, -1.2138834458556352e-07, 3.46472418785548e-05, -0.0008843766661779845, 22.880835746163243, 475.1408528644765;
		0.0, 2.5950875939768877e-10, -1.9952513296742657e-07, 5.694151301856076e-05, -0.001452673105486064, 37.71035420988126, 795.9709913440878;
		0.0, 1.4691187136077612e-11, -1.1296021841126562e-08, 3.2233351281044625e-06, -8.218543684814204e-05, 2.1407935920876553, 45.903944085268876;
		0.0, 1.8359152485075212e-12, -1.4117239210482352e-09, 4.0279807764700717e-07, -1.0263761510135154e-05, 0.26829008724974357, 5.840838705422112;
		0.0, 8.140843841266034e-11, -6.26037969138349e-08, 1.78609820033836e-05, -0.00045481249604223373, 11.931124668658876, 263.5778603784199;
		0.0, 5.178497294820303e-10, -3.9826751643205e-07, 0.00011362038755776608, -0.002891134987775165, 76.12072160572197, 1705.5031263124308;
		0.0, 4.099497308787096e-10, -3.1531710873604133e-07, 8.995298435805725e-05, -0.002287119450642531, 60.44290404129624, 1372.7321804491162;
		0.0, 5.5982033632101414e-11, -4.3064312556397495e-08, 1.2285207146801452e-05, -0.00031209876961512707, 8.279588161400541, 190.50737577413395;
		0.0, 5.460308003259996e-11, -4.2009171531396146e-08, 1.1984404649982466e-05, -0.00030418401117098795, 8.101273144748832, 188.75310754110345;
		0.0, 6.345733859170278e-10, -4.882850423013659e-07, 0.00013930413684841875, -0.0035323804634177693, 94.45531595173051, 2227.3154660701266;
		0.0, 1.7633270871409555e-11, -1.35704938258531e-08, 3.871824019693969e-06, -9.807871718308242e-05, 2.633415202720658, 62.815730167814046;
		0.0, 1.0257961034154206e-11, -7.895902525702191e-09, 2.2530067153259584e-06, -5.70096721880657e-05, 1.537177614498862, 37.07218635715921;
		0.0, 2.3668100039537275e-10, -1.8221706507691876e-07, 5.199986491237991e-05, -0.00131427254150232, 35.59089721366046, 867.4028899648602;
		0.0, 1.1713868524422274e-09, -9.020238904973233e-07, 0.00025745164976098564, -0.006498983150790927, 176.77695404346935, 4351.603952952319;
		0.0, 1.397442063560961e-10, -1.0763435114453446e-07, 3.072595376196264e-05, -0.000774622528384149, 21.16642532326217, 526.01444944764;
		0.0, 1.7592579441318176e-11, -1.3553564460291096e-08, 3.869880029140404e-06, -9.742824417350618e-05, 2.674677935598884, 67.07082505120219;
		0.0, 1.1528725559775513e-08, -8.88423235957258e-06, 0.0025372678947053187, -0.0637856578624768, 1759.5131790159087, 44499.283703175526;
		0.0, 1.6074010124635114e-09, -1.2390401182493317e-06, 0.00035395457983636704, -0.008884634073432112, 246.29019794480772, 6279.023321711818;
		0.0, 1.670034599326667e-12, -1.2877076059298597e-09, 3.6796697437031737e-07, -9.221494680767844e-06, 0.256923462425475, 6.5996244451802015;
		0.0, 8.681693748383529e-12, -6.69630460195152e-09, 1.9141242796750333e-06, -4.7888083689992924e-05, 1.3411673693916326, 34.69404520593368;
		0.0, 1.985752482885123e-11, -1.5320090523650515e-08, 4.380045996266555e-06, -0.00010941389258469712, 3.0788089154491503, 80.37439897469434;
		0.0, 5.095543560636595e-12, -3.93047589290705e-09, 1.1230762434407928e-06, -2.8042375293527378e-05, 0.7907280159425019, 21.068446170004542;
		0.0, 4.536895134983715e-12, -3.498708817749764e-09, 9.990228520813594e-07, -2.493805208732539e-05, 0.7043841546134669, 19.175847084432103;
		0.0, 3.037898772628469e-11, -2.3421587643313153e-08, 6.6832278826577575e-06, -0.00016678811240290577, 4.718706762475978, 131.20725875640318;
		0.0, 5.343847549977564e-09, -4.11898876965405e-06, 0.0011745235152135403, -0.029305034545201045, 830.4001620098392, 23575.830546754638;
		0.0, 3.524706286574572e-12, -2.716142956609064e-09, 7.739696128609287e-07, -1.9307048773790806e-05, 0.5479303013124526, 15.878458614947995;
		0.0, 2.8048893545621295e-12, -2.160918122255482e-09, 6.153312264352576e-07, -1.5346947654209284e-05, 0.43618735681658827, 12.897983057134857;
		0.0, 1.0150938825275785e-10, -7.818466271905552e-08, 2.22480015601977e-05, -0.0005547977808368345, 15.790843645144285, 476.30430318280344;
		0.0, 1.1281901759540127e-11, -8.68741066141613e-09, 2.470347454483785e-06, -6.159445090405539e-05, 1.7555376145801425, 53.99938974812916;
		0.0, 2.836269487009211e-11, -2.1834748866881354e-08, 6.204599944874638e-06, -0.00015468428636277492, 4.414602533650393, 138.43364545931553;
		0.0, 3.937016677683881e-10, -3.030126160050565e-07, 8.604467025290463e-05, -0.002144934537719936, 61.293692098224994, 1958.8984344776445;
		0.0, 1.5261021873803974e-10, -1.1742756718057091e-07, 3.3321999185968294e-05, -0.0008305913787158077, 23.764331085300512, 773.8283981446306;
		0.0, 1.4634971026242984e-09, -1.1258266575788582e-06, 0.000319249555911163, -0.007957217769698995, 227.9378688124406, 7560.294107212806;
		0.0, 1.5921985348189196e-10, -1.2245329739690673e-07, 3.469983244057955e-05, -0.0008648504047005496, 24.802452289571093, 837.7259552412971;
		0.0, 6.714603447486011e-11, -5.1628280313967917e-08, 1.4619855755063876e-05, -0.00036437379504927867, 10.46118974932468, 359.7147861012399;
		0.0, 2.255679919316345e-11, -1.7339609841458054e-08, 4.906749525789779e-06, -0.00012229138590015524, 3.514736247738495, 123.00606530399686;
		0.0, 5.438625868053605e-11, -4.179710642949414e-08, 1.1819543604777301e-05, -0.00029458310273789004, 8.475219574571053, 301.80743429138204;
		0.0, 6.355533788033616e-11, -4.883205345267113e-08, 1.3799405126400462e-05, -0.0003439375315837279, 9.904966184709382, 358.81250822937017;
		0.0, 8.24986880241904e-12, -6.33718952094105e-09, 1.789592022518573e-06, -4.460585407935447e-05, 1.2858205426951752, 47.37215288666481;
		0.0, 7.811500981577597e-10, -5.999039979361396e-07, 0.00016929430916979657, -0.004219928538979357, 121.7570818588948, 4560.988869337292;
		0.0, 9.812266816078987e-11, -7.533819069310801e-08, 2.1246161013710282e-05, -0.0005296317463048913, 15.295021678272041, 582.4151477276408;
		0.0, 5.094274566830211e-10, -3.9104598191438104e-07, 0.00011020451736914745, -0.0027474468817915215, 79.4107862025674, 3073.10180191135;
		0.0, 1.3144053082516667e-11, -1.0087315076335624e-08, 2.8408952906151224e-06, -7.083154445862245e-05, 2.048986008731722, 80.56562593089569;
		0.0, 3.67829999711331e-11, -2.8222497281675307e-08, 7.943008845009372e-06, -0.00019806278649935367, 5.734110520297469, 229.02891016607546;
		0.0, 1.2087109380691767e-09, -9.272014076602861e-07, 0.0002607808891556329, -0.006503458910259778, 188.42918605749875, 7643.406054495119;
		0.0, 5.572630814185407e-10, -4.2738241383112246e-07, 0.00012012479704333715, -0.0029960989161215224, 86.87425914851096, 3578.052060989803;
		0.0, 5.4399120343625945e-11, -4.171137612666385e-08, 1.1716215416747954e-05, -0.00029225996939214236, 8.480608988480721, 354.57045501415695;
		0.0, 6.019562180942739e-10, -4.6146136762427793e-07, 0.00012953512166674914, -0.0032317012230595305, 93.84346910415809, 3982.026909875243;
		0.0, 1.8200106025764842e-12, -1.3949346525357893e-09, 3.913165567572563e-07, -9.764194323611608e-06, 0.28373822759805234, 12.216524539699314;
		0.0, 7.017097046288603e-12, -5.3771068723112665e-09, 1.5074681308699532e-06, -3.762038308542349e-05, 1.0939755675956058, 47.78299330888935;
		0.0, 2.7528776121206525e-11, -2.1090708816937972e-08, 5.909066570307686e-06, -0.00014749007539088522, 4.291860183475967, 190.13149692067046;
		0.0, 3.535500530548856e-10, -2.708134149935145e-07, 7.582796137612448e-05, -0.0018929694458092634, 55.121511908452966, 2476.1685099351284;
		0.0, 8.613205136040492e-11, -6.596309963975217e-08, 1.8458449302782803e-05, -0.00046087248530025075, 13.429210333123454, 611.6014469366219;
		0.0, 1.1370060488867408e-10, -8.705989338367555e-08, 2.4347303641836798e-05, -0.0006080066950812122, 17.728366982589577, 818.3793438131512;
		0.0, 1.021939425628255e-11, -7.823512101562737e-09, 2.1866378051901333e-06, -5.4614296302669354e-05, 1.5935178015447593, 74.54533145599201;
		0.0, 1.2071457394287644e-10, -9.239741778156205e-08, 2.5809599873560015e-05, -0.0006447367356204911, 18.82451809703276, 892.2260586966808;
		0.0, 1.9790747465254962e-11, -1.5145659185922232e-08, 4.228244440874197e-06, -0.00010564088267718584, 3.086498609819781, 148.1887335318464;
		0.0, 6.433605036108124e-11, -4.9227595637362186e-08, 1.3735208794262302e-05, -0.00034322317798686914, 10.03473980079862, 487.9377433552437;
		0.0, 3.355878501096378e-10, -2.567386302622631e-07, 7.159407561595751e-05, -0.0017893117470226773, 52.349793958594425, 2577.470189287313;
		0.0, 1.175732568770831e-10, -8.993460867837838e-08, 2.5065509339708148e-05, -0.0006265426652087747, 18.34358329653474, 914.3134212945827;
		0.0, 2.565244374797872e-10, -1.9619279843717877e-07, 5.4651418195761795e-05, -0.0013662744439029777, 40.0297057024851, 2019.4686178966936;
		0.0, 5.212160832037723e-11, -3.985757582226976e-08, 1.1096931821251912e-05, -0.00027745876503646984, 8.135070258022846, 415.30955740585415;
		0.0, 9.448118892038823e-12, -7.224037348146357e-09, 2.0102533853093557e-06, -5.0269138297883625e-05, 1.4749977570247048, 76.1851481803564;
		0.0, 1.1841614539854576e-10, -9.052948253243545e-08, 2.5179377525075455e-05, -0.0006297183674187199, 18.4915471891656, 966.1237754666431;
		0.0, 0.0, -2.846251802429749e-07, 0.00017356707976406483, -0.005732080349135906, 243.6289823470226, -1664.130584531685;
		0.0, 9.035434256538343e-11, -6.905993287908502e-08, 1.918960346261844e-05, -0.00048001356110164426, 14.118509902162927, 754.3050835098344;
		0.0, 1.001798974563701e-11, -7.656166449949004e-09, 2.1264359199630274e-06, -5.319540792976446e-05, 1.5659699664116231, 84.5784694237848;
		0.0, 9.426743750930854e-12, -7.2035973491273305e-09, 1.999850462468791e-06, -5.0031927882996596e-05, 1.4741624542176994, 80.47335316388123;
		0.0, 1.3171469107969107e-10, -1.006426701658226e-07, 2.7928236537119838e-05, -0.0006987373904015071, 20.60710231719246, 1136.754721519433;
		0.0, 7.125283719807123e-10, -5.443944896836168e-07, 0.00015100618806910697, -0.0037781431684160505, 111.5330499777032, 6215.965241323485;
		0.0, 4.6074917449887344e-10, -3.5200044538168475e-07, 9.76001334046341e-05, -0.002441963293340857, 72.1614315086027, 4062.351109448936;
		0.0, 0.0, -1.5395552952054406e-07, 9.39617732327967e-05, -0.003095946150246752, 134.72037216153396, -727.1361055496204;
		0.0, 2.0704902100412902e-11, -1.5816005114735906e-08, 4.38204322558647e-06, -0.0001096349346611116, 3.2468163625790196, 186.38029010374441;
		0.0, 2.306226160642142e-11, -1.76158485324186e-08, 4.878994102928619e-06, -0.00012206188215503515, 3.619039853966171, 209.71893373314606;
		0.0, 4.359643410100471e-11, -3.3299251903242924e-08, 9.219667406987516e-06, -0.00023063868901940332, 6.846581347195089, 400.4343638031296;
		0.0, 6.887289058288424e-12, -5.2603853560745795e-09, 1.4559947854283598e-06, -3.6419421863602934e-05, 1.0825005280570017, 63.886576297653605;
		0.0, 1.0620258918305283e-10, -8.111367490258317e-08, 2.2444266124007096e-05, -0.0005613368907753164, 16.707003227564968, 994.7508992966882;
		0.0, 2.3478473467316454e-10, -1.7931747198185225e-07, 4.9603323634978204e-05, -0.0012404006683598933, 36.969589248959615, 2220.263998009133;
		0.0, 6.971194843441446e-11, -5.324243520596692e-08, 1.4724171774305715e-05, -0.0003681312657321005, 10.988086309616289, 665.4811004963757;
		0.0, 4.3049907932797554e-11, -3.287949321246428e-08, 9.090568308052002e-06, -0.0002272325068407742, 6.792928442042141, 414.7948107057144;
		0.0, 1.1988671811574373e-10, -9.156519857092074e-08, 2.5310316806693987e-05, -0.0006325153727703435, 18.93897713981795, 1165.746367382256;
		0.0, 1.7832228105297717e-10, -1.3619962461602787e-07, 3.764027726362904e-05, -0.0009403864832323001, 28.204848362017703, 1749.6466973864972;
		0.0, 2.0360551387659354e-10, -1.55516073723074e-07, 4.297052483284946e-05, -0.0010732223880958165, 32.24582347194968, 2015.5165527087001;
		0.0, 8.94047008033371e-11, -6.829141834798179e-08, 1.8866391121435073e-05, -0.00047104053731765775, 14.178949552191161, 892.7916498653007;
		0.0, 5.122269460425763e-13, -3.9128476868554354e-10, 1.080816761347713e-07, -2.697468140475602e-06, 0.08135442382909426, 5.1592469821789155;
		0.0, 4.340292138894437e-12, -3.3157289312275067e-09, 9.157645855262688e-07, -2.2845821671480586e-05, 0.6904131312328387, 44.08782074225671;
		0.0, 1.434121797618868e-12, -1.0956718724506159e-09, 3.0258019323556247e-07, -7.54510840491485e-06, 0.22849926199339904, 14.689381413785185;
		0.0, 1.76003833685822e-10, -1.3447948116666172e-07, 3.713477971534782e-05, -0.0009255306104262807, 28.09106062447363, 1817.6059069279645;
		0.0, 5.578514649020074e-12, -4.262820054849561e-09, 1.1770544612183367e-06, -2.9320666311573818e-05, 0.8919725618706743, 58.07630196135097;
		0.0, 5.906958036325554e-11, -4.514316186844636e-08, 1.2464540174269023e-05, -0.0003103149597766043, 9.462897663843872, 619.8549556854578;
		0.0, 0.0, -3.246171849779368e-08, 1.98723533025249e-05, -0.0006493316291840709, 30.105349122422105, -65.78548961107875;
		0.0, 3.6410150595009595e-12, -2.783338329843633e-09, 7.685125094430953e-07, -1.910819423284066e-05, 0.5856855891570089, 38.80341645182534;
		0.0, 8.398308101061091e-11, -6.420978874245775e-08, 1.7729742224775414e-05, -0.0004405175090846987, 13.539111640236722, 901.8105683061269;
		0.0, 2.313462335447597e-10, -1.7690633370021744e-07, 4.885080779368491e-05, -0.001212843100885522, 37.381987120005654, 2502.6817709266725;
		0.0, 3.892990414853222e-12, -2.9774306035524615e-09, 8.222584707547994e-07, -2.039825112616483e-05, 0.630567018409401, 42.42191471315316;
		0.0, 6.514402221576949e-12, -4.9832921945337105e-09, 1.3763636492244475e-06, -3.411529289186485e-05, 1.057838814326548, 71.49712457299884;
		0.0, 5.616077501742728e-11, -4.2969841270734506e-08, 1.1869747307600167e-05, -0.0002939453175530258, 9.143667615860572, 620.7251655740412;
		0.0, 7.780628464364535e-11, -5.954434649237083e-08, 1.6450961246688526e-05, -0.0004070091758260213, 12.702678878061276, 865.9181201170628;
		0.0, 8.465158409251387e-11, -6.479812904135207e-08, 1.7905993723431777e-05, -0.0004425652356482381, 13.85990909802831, 948.4992125633345;
		0.0, 2.390504768158259e-11, -1.8303108321187776e-08, 5.058925413801743e-06, -0.00012490521497932695, 3.925647753062355, 269.63445043087097;
		0.0, 0.0, -5.506690972483111e-07, 0.0003379056628567469, -0.010966168479041588, 526.4394625949853, -539.6299501846115;
		0.0, 3.527327301529571e-11, -2.702193312552119e-08, 7.4727894517740795e-06, -0.00018408705599908578, 5.829362993904179, 403.0238881084974;
		0.0, 1.8725241503885151e-10, -1.434914032898563e-07, 3.9694295503726526e-05, -0.0009766583119324192, 31.050028949492564, 2152.918667565151;
		0.0, 8.278751695387156e-12, -6.345970323951833e-09, 1.756100804163034e-06, -4.3153322932910134e-05, 1.377574688797095, 95.76871544442172;
		0.0, 6.902925070334882e-10, -5.293076374355453e-07, 0.00014652858255002785, -0.0035959474753249157, 115.28077333983549, 8033.294880846801;
		0.0, 7.761827892063079e-11, -5.953682509969478e-08, 1.648810027315521e-05, -0.0004040817405846439, 13.010723425511049, 908.7057002631817;
		0.0, 1.2594378494299566e-10, -9.66108950015208e-08, 2.674781418607619e-05, -0.0006550494075251429, 21.144993004276355, 1492.643224297015;
		0.0, 4.984159730866569e-12, -3.822935623788489e-09, 1.057696946984127e-06, -2.5894483063242676e-05, 0.837011977287792, 60.004625882684955;
		0.0, 1.4227986297223442e-10, -1.0911912666706793e-07, 3.016899228748155e-05, -0.0007383745319378908, 23.896473356808144, 1739.7051290695792;
		0.0, 6.226920116678395e-11, -4.775075853712379e-08, 1.3192590385680778e-05, -0.0003227945272547949, 10.458229129657054, 773.1597803357171;
		0.0, 0.0, -6.88342855651509e-05, 0.04233342188024248, -1.363285667329733, 68352.92707809288, 74250.24508663086;
		0.0, 2.6183031078761158e-11, -2.007314641191611e-08, 5.537646928796039e-06, -0.00013542843796268152, 4.395563489950477, 335.05442213396583;
		0.0, 3.6519733692152547e-13, -2.7993877760832525e-10, 7.716929085004841e-08, -1.8868558623610487e-06, 0.06128337714068218, 4.743026509012706;
		0.0, 7.706258821437686e-11, -5.906307657608822e-08, 1.626910545644181e-05, -0.0003977202058739261, 12.924770510599895, 1015.604789304417;
		0.0, 1.2357004365841742e-11, -9.469343271730557e-09, 2.6063238640988755e-06, -6.370482577469112e-05, 2.071099403843083, 165.22176951537503;
		0.0, 6.291656040923651e-11, -4.820622565156431e-08, 1.325768208378917e-05, -0.00032400508108256507, 10.53674375345796, 853.3176177362343;
		0.0, 2.5111228790171824e-09, -1.923689323267823e-06, 0.0005286284976649151, -0.012917703491049315, 420.15432930676343, 34540.06216313789;
		0.0, 1.7762415411384664e-10, -1.360489697774411e-07, 3.735575599917895e-05, -0.0009127525346807366, 29.688539624135966, 2477.3281927878293;
		0.0, 1.3373953992556565e-10, -1.0241815622118769e-07, 2.8098408564415502e-05, -0.0006865123588785481, 22.32751968553436, 1890.9658622986947;
		0.0, 2.4593108147183155e-12, -1.8830079033210647e-09, 5.161732411961575e-07, -1.261082535376324e-05, 0.4100497527133261, 35.24477864521275;
		0.0, 3.041331313822896e-11, -2.3282082952925392e-08, 6.3767602728080605e-06, -0.0001557900463945489, 5.063828188760184, 441.6893120390605;
		0.0, 1.795300167222815e-11, -1.3740814058564213e-08, 3.7602982147325885e-06, -9.186786562454349e-05, 2.984662185989302, 264.165172217288;
		0.0, 5.237122495146215e-12, -4.007591406059387e-09, 1.0957759616358495e-06, -2.6771632724817003e-05, 0.8692519024814931, 78.06013782314072;
		0.0, 1.972884001098925e-09, -1.5094049334925555e-06, 0.00041235373961634117, -0.010074993587263005, 326.8908749972254, 29781.610489534505;
		0.0, 2.8615518527605436e-11, -2.1888580471365726e-08, 5.974549539440497e-06, -0.00014598611062917682, 4.73266408214861, 437.3907531635884;
		0.0, 9.377021451346035e-10, -7.171187841503507e-07, 0.00019556901497780438, -0.0047791170792599305, 154.78472148991597, 14509.912414197051;
		0.0, 2.369109889370551e-10, -1.8114240699628808e-07, 4.935699510424769e-05, -0.001206277063416088, 39.02698688636364, 3710.4529040928946;
		0.0, 5.077718200168777e-11, -3.881601140026756e-08, 1.0567145247704988e-05, -0.0002582950277713468, 8.346877511379528, 804.7508866901985;
		0.0, 8.05300041493939e-12, -6.154691820456915e-09, 1.6740574596382033e-06, -4.092587387064416e-05, 1.32083975865404, 129.125007711629;
		0.0, 1.419248563106241e-11, -1.0844567611348536e-08, 2.947086134170559e-06, -7.206070318439995e-05, 2.3224703624742498, 230.18605065587877;
		0.0, 4.562592476163874e-12, -3.485537241810196e-09, 9.46382133890589e-07, -2.3145091842695703e-05, 0.744846985207616, 74.83549871556;
		0.0, 2.2525140430937168e-13, -1.7203984772903527e-10, 4.667046328877018e-08, -1.1416409971552603e-06, 0.036681979688650126, 3.735476186759657;
		0.0, 4.476157810906114e-11, -3.417982698277222e-08, 9.264024476325658e-06, -0.00022666809240449388, 7.270915808692538, 750.365426304029;
		0.0, 7.857701725700749e-13, -5.998772102647575e-10, 1.6244622778849757e-07, -3.9756784603361155e-06, 0.12730556510210225, 13.312451898960013;
		0.0, 4.976011592459439e-11, -3.797958812478977e-08, 1.0275812562288025e-05, -0.000251556903606718, 8.040329475263547, 851.8136026681891;
		0.0, 3.3801044621242855e-11, -2.5792937053391793e-08, 6.972473517132082e-06, -0.00017073889496937338, 5.446749223239445, 584.5198003688083;
		0.0, 4.128911831307849e-11, -3.1499818665707485e-08, 8.50777969903757e-06, -0.0002083982929090638, 6.634899834298158, 721.1330945484036;
		0.0, 1.631623917570062e-11, -1.2444981944608931e-08, 3.3583560455622495e-06, -8.228928454476329e-05, 2.61449981124872, 287.7498340592652;
		0.0, 0.0, -7.228861636440692e-08, 4.4465229965274385e-05, -0.0014173553729414157, 78.91971443147807, 887.6726174815863;
		0.0, 1.775755163375529e-11, -1.3538222527194593e-08, 3.6471290979418674e-06, -8.942575117084581e-05, 2.8290263131102797, 319.09538846918537;
		0.0, 1.523732481473922e-10, -1.1614221595277909e-07, 3.126173073467556e-05, -0.0007667960736487468, 24.203747607032582, 2762.9485075481302;
		0.0, 4.563741270211872e-09, -3.4778098846634193e-06, 0.000935332350898968, -0.022950542299654597, 722.7748476299632, 83486.25103051527;
		0.0, 7.263416108756543e-11, -5.5338818941697606e-08, 1.4870695731723717e-05, -0.00036502503047279133, 11.468887865948714, 1340.1942889052962;
		0.0, 2.1108679213658922e-11, -1.6078853508469905e-08, 4.317201645722094e-06, -0.00010601368428457494, 3.32302100541018, 392.75665267288025;
		0.0, 1.747763044772023e-09, -1.3310138498769607e-06, 0.0003570922868069287, -0.00877226187597037, 274.30983487577316, 32785.61065009951;
		0.0, 3.9515225608368676e-11, -3.008650121544429e-08, 8.065393123711208e-06, -0.00019821254285303826, 6.183132260381495, 747.1465479396688;
		0.0, 5.679076310131609e-11, -4.3230802640615526e-08, 1.158000034058109e-05, -0.0002847022690015774, 8.8594565998795, 1082.0862729491994;
		0.0, 3.1274298867290904e-10, -2.380197168011483e-07, 6.370823404133028e-05, -0.001566955283205402, 48.64133543606246, 6003.668083490359;
		0.0, 9.374745997535486e-11, -7.133392648005566e-08, 1.9078859732766027e-05, -0.000469454554711785, 14.536899355630345, 1812.7396541253954;
		0.0, 4.678007441578459e-11, -3.5588552865511757e-08, 9.511450497772981e-06, -0.0002341363282337757, 7.232281617297609, 910.9310703793349;
		0.0, 1.0024046534531509e-11, -7.62442489442292e-09, 2.036248113410868e-06, -5.014575145983771e-05, 1.5451513294772412, 196.52511411124465;
		0.0, 5.897506583342447e-11, -4.4848592237169803e-08, 1.1969245035068286e-05, -0.0002948841447476248, 9.064063297448929, 1163.8457899394566;
		0.0, 1.1048375025183745e-12, -8.400344138076801e-10, 2.2403553589284784e-07, -5.521819090958719e-06, 0.16931498635693928, 21.942139908770578;
		0.0, 1.3518669449533596e-10, -1.0276681990550832e-07, 2.7389396425396143e-05, -0.0006753472942437931, 20.658166215591613, 2701.2799614179867;
		0.0, 1.820738620303428e-10, -1.3838499723077417e-07, 3.685839646357892e-05, -0.0009091990576064991, 27.745166164345104, 3659.6517282681357;
		0.0, 1.701730967614147e-11, -1.2931740657729768e-08, 3.44215771739597e-06, -8.494328055023596e-05, 2.5860453768817497, 343.986166041497;
		0.0, 3.6114255118442056e-12, -2.7439217613791675e-09, 7.299288907410605e-07, -1.8019880349851226e-05, 0.547337565622305, 73.3986443408454;
		0.0, 7.24704420325886e-10, -5.505329759212513e-07, 0.00014636464470330727, -0.0036147438519286983, 109.54614772278656, 14805.767215660248;
		0.0, 4.940749929138836e-09, -3.7527287054598486e-06, 0.0009971335029882514, -0.024635483215778194, 744.936965226495, 101443.64754674617;
		0.0, 8.739658092024321e-12, -6.6371728876554095e-09, 1.7625928305285711e-06, -4.356343511545453e-05, 1.3144506668132057, 180.29751405702052;
		0.0, 2.9766527524120557e-10, -2.2602366145420387e-07, 5.9992264679364e-05, -0.0014832803148843068, 44.66183586406004, 6168.621264314698;
		0.0, 1.8729161718734982e-11, -1.4219483555228616e-08, 3.7723122087364986e-06, -9.330148453816243e-05, 2.803643605047906, 389.80211410628533;
		0.0, 1.7751379590308327e-11, -1.347535317463493e-08, 3.5731941515784714e-06, -8.840668064055243e-05, 2.6513817261444865, 370.95850789363584;
		0.0, 1.1909642947680116e-10, -9.039661608364082e-08, 2.39591637778339e-05, -0.0005929825252105427, 17.750726714092405, 2498.3923939397746;
		0.0, 2.9206609610073747e-09, -2.2165773762724843e-06, 0.0005872405398707453, -0.01453857644467874, 434.4297547916419, 61491.220823516254;
		0.0, 0.0, -3.1753309091877424e-06, 0.0019480381744134707, -0.062137343130404615, 3605.4351212549946, 65532.07939709111;
		0.0, 9.41680362628181e-12, -7.145140965785148e-09, 1.891488323615697e-06, -4.685550833844994e-05, 1.3954745369457444, 199.5628953047192;
		0.0, 6.961272480058588e-12, -5.2814511426406545e-09, 1.3976311989788868e-06, -3.463095120690058e-05, 1.0298397743486636, 147.95825891279864;
		0.0, 1.8780849942656455e-11, -1.4247554464401124e-08, 3.769097294233566e-06, -9.341495638115495e-05, 2.7740186545324246, 400.2594452081553;
		0.0, 1.2501792368678813e-10, -9.483333469830695e-08, 2.5079982176302184e-05, -0.0006217355230125254, 18.43876812731457, 2671.0123557792667;
		0.0, 5.433904155519464e-11, -4.1216160775958116e-08, 1.089718723982457e-05, -0.0002701992048885838, 8.003691810936763, 1163.5749190058914;
		0.0, 3.9534579249998853e-10, -2.9984908977542394e-07, 7.925778594926914e-05, -0.0019655963796460967, 58.16060934137487, 8482.811428200359;
		0.0, 2.3705344510608634e-10, -1.7978159077623167e-07, 4.751038315475816e-05, -0.0011784605868796682, 34.83594127981654, 5095.547100861392;
		0.0, 2.7028515435855318e-11, -2.049735164485489e-08, 5.415730170446313e-06, -0.00013435343909205385, 3.9681653824978174, 581.9024283327399;
		0.0, 3.468095991323952e-10, -2.629944746658328e-07, 6.94758416210511e-05, -0.0017237798403001371, 50.87482825951174, 7476.59953742484;
		0.0, 2.1500494877914634e-09, -1.6303739838540591e-06, 0.0004306399541940457, -0.01068585516222031, 315.1831469867045, 46403.21695767568;
		0.0, 5.565959335785753e-10, -4.2205152779487814e-07, 0.00011146655968707504, -0.002766159573855554, 81.5486643377842, 12023.418091984535;
		0.0, 1.3783613947820777e-11, -1.0451499445401986e-08, 2.7600813119957183e-06, -6.849876150477556e-05, 2.018654235339172, 297.9484219704937;
		0.0, 6.956795131540465e-12, -5.274946690248012e-09, 1.392956581925893e-06, -3.457141074452889e-05, 1.0185680762757023, 150.44528879276248;
		0.0, 2.543636410885247e-10, -1.9286822356408677e-07, 5.0929409449683075e-05, -0.0012640296520749974, 37.23732651730805, 5501.962423916299;
		0.0, 1.5219865470186784e-12, -1.154028828877628e-09, 3.0473706961241586e-07, -7.563336729150844e-06, 0.22281149585435006, 32.920638498150375;
		0.0, 3.427890540721391e-11, -2.5991798308904707e-08, 6.863691173168625e-06, -0.0001703474917963644, 5.019000537010774, 741.2776441372001;
		0.0, 6.346673739173172e-10, -4.812408726293336e-07, 0.00012708927549856595, -0.0031540401868365778, 92.95240291088597, 13718.236751860979;
		0.0, 6.216868170297923e-11, -4.7140948442424335e-08, 1.2450358203434456e-05, -0.0003089661864286545, 9.108992923583521, 1342.8378853297104;
		0.0, 1.337225665856917e-10, -1.0140166608506274e-07, 2.678415316833143e-05, -0.0006646123566520484, 19.60413404429296, 2885.7458963378085;
		0.0, 2.1524257669996294e-11, -1.6322461871741464e-08, 4.312011028160542e-06, -0.00010698488027640035, 3.157727418686928, 463.9644028688277;
		0.0, 5.9890273485257994e-12, -4.5418642201825576e-09, 1.2000563605714898e-06, -2.977056069112519e-05, 0.8793553946590422, 128.9191485048293;
		0.0, 1.2558361056970219e-09, -9.524332377295077e-07, 0.0002517023811713972, -0.006243189492020111, 184.56985598132937, 26989.844082546257;
		0.0, 6.294790863901131e-12, -4.774302104942603e-09, 1.2620013094569778e-06, -3.129709061592705e-05, 0.9261590769620467, 135.03817585632353;
		0.0, 4.774591933118454e-10, -3.621555337582278e-07, 9.575333558067633e-05, -0.0023741841542931222, 70.3352045983116, 10221.648287446622;
		0.0, 1.5727052833290896e-09, -1.1929980692548184e-06, 0.0003155143295862753, -0.007821454706241123, 231.99084901321808, 33592.548475969386;
		0.0, 2.7548378102289712e-11, -2.089898166411248e-08, 5.52887178183771e-06, -0.0001370265608997233, 4.069674606594538, 586.9540136418715;
		0.0, 1.0168515257836e-11, -7.714832221943164e-09, 2.041650132952913e-06, -5.058729860598224e-05, 1.5045730076602883, 216.06255908273673;
		0.0, 7.061402408730335e-12, -5.358002446033302e-09, 1.4184449999186643e-06, -3.513638551669368e-05, 1.0466210476249065, 149.59887484531905;
		0.0, 1.6991329715483337e-11, -1.2893931085563529e-08, 3.414764309868417e-06, -8.456340296818711e-05, 2.52299957387747, 358.824078965687;
		0.0, 5.398576646380275e-12, -4.09718530467434e-09, 1.085517097607858e-06, -2.687371919137601e-05, 0.8031609413820131, 113.61924050954217;
		0.0, 1.6847937595951743e-11, -1.2788091885523914e-08, 3.389575629020931e-06, -8.388823153353073e-05, 2.5116469464401217, 353.29606223824265;
		0.0, 2.4820578082941735e-12, -1.884195025503247e-09, 4.996473087626972e-07, -1.2361661662945617e-05, 0.3708097416777155, 51.847168529299346;
		0.0, 2.322736315047212e-11, -1.763484243137452e-08, 4.6786189541073355e-06, -0.00011571318398423378, 3.4778237535468333, 483.20938273123653;
		0.0, 4.68063989561645e-11, -3.5541637130434076e-08, 9.434135710046767e-06, -0.00023324579754602334, 7.024588118880652, 969.536993588551;
		0.0, 1.5816296326888215e-10, -1.2011582315168836e-07, 3.1900203306046067e-05, -0.0007884003405502483, 23.793900100152065, 3261.286800231726;
		0.0, 1.071085755683058e-10, -8.135523602158797e-08, 2.161807175294815e-05, -0.0005340814430155602, 16.153446010208935, 2198.0359754167266;
		0.0, 1.9453544844949754e-09, -1.4778435136481558e-06, 0.0003929231648691158, -0.009703566089279872, 294.139126422964, 39722.5419498453;
		0.0, 1.5308462622932557e-09, -1.1631404470293368e-06, 0.0003094341669125357, -0.007638738928185845, 232.07536471456595, 31095.596838857986;
		0.0, 1.7844295164238705e-10, -1.356042327055275e-07, 3.60973420165109e-05, -0.0008907487643678069, 27.12491068078213, 3604.932343836679;
		0.0, 8.867763493431189e-10, -6.74005663302681e-07, 0.00017953127816670492, -0.004428372985637642, 135.170001359515, 17813.267980603665;
		0.0, 2.1218437742668103e-10, -1.6130231579286834e-07, 4.299323346592813e-05, -0.001060049421623999, 32.43394589439966, 4237.171959745372;
		0.0, 5.034683456210321e-09, -3.828064748685989e-06, 0.0010210097462590355, -0.025163804971020113, 771.7909816711732, 99923.92331425934;
		0.0, 1.5381867043975714e-11, -1.1697635602551003e-08, 3.1221059609782038e-06, -7.691541366778317e-05, 2.364808528165279, 303.3489455510881;
		0.0, 1.892265555678053e-11, -1.4393117523911343e-08, 3.844242264875825e-06, -9.466624978376338e-05, 2.9177195049576117, 370.7261058793184;
		0.0, 9.454624886859174e-10, -7.192879384132942e-07, 0.00019225265623255608, -0.004732334999256892, 146.21571855765424, 18397.328881391626;
		0.0, 4.3064688929673457e-11, -3.276929529723888e-08, 8.765105517656234e-06, -0.0002156648498310797, 6.679892968108108, 832.0948877749817;
		0.0, 2.8194883247015505e-12, -2.1458780718045478e-09, 5.744102733192053e-07, -1.4127473931851653e-05, 0.4386571891831853, 54.08349134275506;
		0.0, 4.428455868087353e-11, -3.371144952215122e-08, 9.030833147268157e-06, -0.0002220197395264843, 6.91065188227538, 843.1242818614594;
		0.0, 3.0162720333917894e-10, -2.296610560499279e-07, 6.157109812089248e-05, -0.0015130877225383763, 47.21194936893627, 5698.4496829781465;
		0.0, 1.9137295595703278e-10, -1.4574389415095233e-07, 3.910430362511118e-05, -0.0009605889560154144, 30.045320745749446, 3586.8727714200863;
		0.0, 5.239772692139565e-11, -3.991318312667683e-08, 1.0717671658342607e-05, -0.0002631735897880083, 8.251285564830711, 974.0907136677176
	];