	///////////////////////////////////
	// Borefield Constants //
	///////////////////////////////////
	parameter Real Kappa_agg_Constants[19, 7] = [
		0.0, -5.0882371524749165e-11, 3.996707620812839e-08, -1.0423163874689126e-05, 0.14067232147236888, 19.194434364976477, 5.5449667384691805;
		0.0, 1.1317718783709765e-12, -8.330286725528699e-10, 1.9656489029765522e-07, 0.000712022517878262, 0.22851973706465306, -0.0976919079569746;
		0.0, -9.471549309545677e-10, 5.749153891361385e-07, -0.00010488857677454984, 0.9078483662457683, 313.28081862488597, 124.2998908773106;
		0.0, 2.0045536149082144e-12, 5.804538309496124e-10, -4.164693307948312e-07, 0.029571631476011155, 10.480899097980164, 3.693995488392182;
		0.0, 1.7988174843041953e-12, -6.919682516103496e-10, -5.084300170055136e-09, 0.025112774737508656, 8.886578104943101, 4.016151193692436;
		0.0, -1.8122925560096074e-11, 1.3609584369155187e-08, -4.963099443555435e-06, 0.5904651288979309, 207.25241268021188, 135.23136463962214;
		0.0, -8.697110173702336e-13, 6.16249756628045e-10, -1.6844635868587866e-07, 0.008013158011765087, 2.7909761811592735, 2.72278671385085;
		0.0, -4.471489347766682e-12, 3.2512986504570633e-09, -8.723652763426669e-07, 0.019249996946915728, 6.642714107233256, 10.12675541554245;
		0.0, -8.609108833639149e-12, 6.34711601701758e-09, -1.715920446959159e-06, 0.01799945758870129, 5.942690311473701, 14.759789830452183;
		0.0, -6.3735684887323475e-12, 4.800480389375011e-09, -1.3348093274383569e-06, 0.007564175994619838, 1.9638793784781692, 8.055654078349766;
		0.0, -1.022602100812571e-11, 7.962050540461915e-09, -2.3231670894806366e-06, 0.008114409116835123, 1.3289098347403943, 8.961316309597185;
		0.0, -1.9959221771808763e-09, 1.5970056078351383e-06, -0.0004881830709600271, 1.0532708178800414, 106.64396869333405, 1216.9564713640893;
		0.0, -3.900272063414098e-10, 3.0671459078963746e-07, -9.277674228149967e-05, 0.1017403319546892, 6.614106891933401, 140.16967349017037;
		0.0, -1.3708841390034839e-09, 1.0668903788993185e-06, -0.0003152711338623532, 0.14042332066261892, 5.407479555027857, 266.3871225809234;
		0.0, -4.198241545038113e-09, 3.4284822279247257e-06, -0.0010610146577372526, 0.200333706752382, 2.009749563477052, 572.9433120155801;
		0.0, 3.3653270033671204e-08, -2.3957243755646314e-05, 0.006343549718565741, -0.24671207285318802, 21.787642397824218, -1009.5436526281744;
		0.0, 9.311048488656707e-09, -7.1458056489911425e-06, 0.0020792411438363867, -0.06038458870727531, 8.433081517363627, -200.17413070722625;
		0.0, 3.89506930709373e-09, -3.037389325819015e-06, 0.0008873072280675554, -0.02206417153237025, 3.431499578077374, 63.75960656523881;
		0.0, 1.5100418721044404e-08, -1.1565082749525585e-05, 0.003135720554887718, -0.07650453542129129, 20.349965166276945, 2452.2190925255836
	];
	parameter Real Gamma_Constants[7] = {0.0, -1.0827944242932192e-07, 8.109476140611607e-05, 0.006977145194143343, 1.6923041616621048, 431.3725101679928, -2289.9550032127604};
	parameter Real Xi_Ext_Constants[7] = {0.0, -5.99294102884632e-09, 4.470256953375956e-06, 0.00044061690285971105, 0.5344611004078469, 24.45682848383433, -26.361196625943673};
	parameter Real Xi_Inj_Constants[7] = {0.0, -5.99294102884632e-09, 4.470256953375956e-06, 0.00044061690285971105, 0.5344611004078469, 24.45682848383433, -26.361196625943673};
	parameter Real Kappa_L3_Constants[480, 7] = [
		0.0, -4.536402683778758e-12, 3.3611572027714574e-09, -9.137111809842702e-07, 0.046361942271483644, 1.4305363019610344, 1.1360244695122772;
		0.0, -1.342754195993335e-11, 1.0277440770618535e-08, -2.924211756087512e-06, 0.012816207859025153, 2.666532204877457, 14.108647666696305;
		0.0, -1.0962264607164578e-10, 8.609418625852052e-08, -2.544586028614247e-05, 0.07774527880610792, 18.81862009087407, 145.5771457226972;
		0.0, -8.569048975163386e-10, 6.832001886164203e-07, -0.00020697293298191724, 0.4989762714849777, 133.84150903381516, 1342.4704008094304;
		0.0, -1.2517445919672487e-11, 1.0032604916209694e-08, -3.0765459065105372e-06, 0.006104304071801714, 1.7826025816647737, 21.930528029286236;
		0.0, -9.732396814275037e-10, 7.783280699169059e-07, -0.00023915402109155954, 0.3978454850931287, 124.93819932948487, 1825.3769398131533;
		0.0, -4.961317233361805e-11, 3.948196342987856e-08, -1.2091722581758337e-05, 0.01698676951290923, 5.666611921030252, 96.36008977455658;
		0.0, -4.377070567998245e-11, 3.459546690956284e-08, -1.0524952270487177e-05, 0.012652837661186774, 4.453703193206742, 86.86637175594856;
		0.0, -2.0039058357135e-10, 1.5754399050916573e-07, -4.7619395469438636e-05, 0.049226160862755185, 18.09668111756758, 400.99908242065726;
		0.0, -1.1108387136309659e-10, 8.687579766613509e-08, -2.60781089665373e-05, 0.02357733294493934, 9.01942259480954, 224.54853931237284;
		0.0, -3.80878673002898e-10, 2.969550119279236e-07, -8.869041414571027e-05, 0.06988338005999055, 27.5048275749988, 769.6495176720841;
		0.0, -1.3067234157534237e-10, 1.0165252704164183e-07, -3.023399266491913e-05, 0.021239490121635746, 8.595197851553875, 266.94298159345925;
		0.0, -1.176578951845219e-10, 9.139350729630081e-08, -2.7092472617600608e-05, 0.017042494345115965, 7.0438810428437355, 242.36844715942215;
		0.0, -8.232913267221006e-11, 6.392885378309006e-08, -1.8911381979905584e-05, 0.010610469918524759, 4.435951118557572, 169.99917096251443;
		0.0, -3.1129634737195685e-09, 2.4181669654929943e-06, -0.000714590096248791, 0.3641351449663449, 153.92027503234615, 6506.084068316869;
		0.0, -2.970407465620397e-11, 2.309310513823393e-08, -6.822013912704436e-06, 0.003213461789515379, 1.3742163507308862, 63.35095397646087;
		0.0, -7.78947211591423e-11, 6.063244509857001e-08, -1.7912632798362356e-05, 0.0076963538301115025, 3.2854877224162062, 167.6173401876577;
		0.0, -1.1401697984000486e-09, 8.890309683477851e-07, -0.00026284236911673664, 0.10336944509982658, 43.78400752180124, 2477.812888119798;
		0.0, -1.4596814636162446e-10, 1.1405040223975706e-07, -3.376401569818549e-05, 0.012308398973145536, 5.170264988825735, 322.33253991307436;
		0.0, -4.511685665992214e-11, 3.532908254507943e-08, -1.0477025667708332e-05, 0.003589727257202678, 1.4982662379766452, 101.84852271381112;
		0.0, -2.8968836196092027e-09, 2.273638059719497e-06, -0.0006755791753871116, 0.21904449193568482, 90.70396321097192, 6696.225406242844;
		0.0, -7.613265691896498e-10, 5.991935713421728e-07, -0.00017845706203376655, 0.0538513532078916, 21.672940895762444, 1784.196829777203;
		0.0, 0.0, 1.9717731656889673e-08, -1.233991086700795e-05, 0.008996601909318702, 4.949597070462478, 298.74273585949754;
		0.0, -2.9118782392067674e-11, 2.305805658399675e-08, -6.9062910104773866e-06, 0.0018393799342946264, 0.6911464183227677, 70.72254103110282;
		0.0, -2.527188707007621e-09, 2.007391759716173e-06, -0.0006031028368549649, 0.1528291665768524, 55.471786936964726, 6279.27348274832;
		0.0, -2.027524528874229e-10, 1.6152876585808086e-07, -4.867899106010094e-05, 0.011845210369662861, 4.168291628488427, 516.9056584948871;
		0.0, -2.866373941175052e-10, 2.29019872084976e-07, -6.923011043923298e-05, 0.016267102873114843, 5.554251449596492, 750.675750106323;
		0.0, -6.629649688986569e-11, 5.316891925111376e-08, -1.613407362480799e-05, 0.003606012619950017, 1.154348321067166, 177.26242239222108;
		0.0, -7.964584449990098e-11, 6.413165216836367e-08, -1.95417856398285e-05, 0.004160431336385132, 1.232241448306287, 217.61206472184836;
		0.0, -2.4737121970834993e-09, 2.000002410259056e-06, -0.0006120552089442503, 0.1247377395124469, 33.92582826229602, 6920.370055982964;
		0.0, -1.302122616313993e-10, 1.0570691781126367e-07, -3.249058789989138e-05, 0.006371252644301701, 1.5811514138309979, 373.64484485803166;
		0.0, -1.7458925141218643e-08, 1.4229794201982063e-05, -0.004392672092016901, 0.8331947075687417, 187.87636105090294, 51461.699638057056;
		0.0, -9.20273130009758e-10, 7.529087702730613e-07, -0.00023338923360099654, 0.04305165710474671, 8.813679588073875, 2789.4321777674213;
		0.0, -7.588433354129651e-09, 6.229992541659343e-06, -0.0019387062100714053, 0.34970096969212244, 65.29017024692457, 23668.8943986468;
		0.0, -5.075798286504688e-10, 4.181304000067958e-07, -0.00013061421549450067, 0.02309547088718776, 3.9091590263332194, 1629.1164306670007;
		0.0, -7.615295900270282e-10, 6.304189089625464e-07, -0.0001979825563208644, 0.03393983471654173, 4.707560201813334, 2513.687965586184;
		0.0, -7.1423566035242095e-09, 5.944038080765795e-06, -0.0018774796934751133, 0.3123500864054096, 33.104141017861664, 24279.565668201678;
		0.0, -8.187052914917074e-09, 6.850288316480045e-06, -0.0021764802479934454, 0.3524942760626692, 25.923659248173635, 28701.463770821993;
		0.0, -2.9570106911629955e-13, 2.460265952873974e-10, -7.763569394696116e-08, 1.1671943180805967e-05, 0.0, 1;
		0.0, -1.471586035824484e-09, 1.244710847561046e-06, -0.00040018635922449945, 0.06199102970607335, 0.6995354001941994, 5503.595385564662;
		0.0, -3.57982273134091e-10, 3.0439396847704825e-07, -9.843512018295879e-05, 0.014979554589510188, -0.26428663861272456, 1383.9750090183234;
		0.0, -1.30954642625196e-10, 1.11915825074493e-07, -3.6393935788120775e-05, 0.005456199775118457, -0.24305065252786923, 523.3398483341346;
		0.0, -5.08988586904251e-10, 4.370517212087512e-07, -0.0001428722016096691, 0.021158966581442284, -1.4603008887212234, 2101.612841682569;
		0.0, -6.567344112962283e-11, 5.6634022035052675e-08, -1.8602497613228545e-05, 0.0027284480598962924, -0.2473618219960344, 279.88873237140467;
		0.0, -2.898547423076401e-09, 2.509048562834607e-06, -0.0008276584304717014, 0.12050081982539518, -13.176561219045414, 12732.894079587797;
		0.0, -8.064834413642899e-10, 7.020620770509409e-07, -0.00023302454151903938, 0.03353691837000669, -4.6157264908766615, 3668.12125014429;
		0.0, -2.547713782911321e-09, 2.2334915845658462e-06, -0.0007469917217692566, 0.10611161626113189, -18.225684799207837, 12046.97211355989;
		0.0, -7.757101628081942e-11, 6.849300731973387e-08, -2.3085652876564426e-05, 0.0032428664652282436, -0.6646239160272098, 381.73299877184775;
		0.0, -4.236418703170513e-10, 3.767843037742869e-07, -0.00012799253045249167, 0.017810458537679062, -4.221546179290841, 2171.3137267885154;
		0.0, -1.9702285658915748e-10, 1.7650974141594685e-07, -6.0431448258516234e-05, 0.008344181839102877, -2.2344267277755967, 1052.2684984317048;
		0.0, -1.5140504135741756e-09, 1.366248839603756e-06, -0.0004714108186980698, 0.06468623909232865, -19.21777353833801, 8427.670218076602;
		0.0, -2.3233966799515129e-10, 2.1115257807378794e-07, -7.3414150832695e-05, 0.010024902264870666, -3.256466448318322, 1347.6079673157205;
		0.0, -2.523081209604838e-10, 2.3088841692616453e-07, -8.087319531558082e-05, 0.011003598131480295, -3.8609724867459403, 1524.1087586071512;
		0.0, -2.4919146476383988e-11, 2.295459506024543e-08, -8.097450019352944e-06, 0.0010988674043993449, -0.4123520195360223, 156.60764311392066;
		0.0, -1.7403501884425091e-10, 1.6131500267934307e-07, -5.728685990324141e-05, 0.0077609243342343336, -3.087284962409995, 1136.3895437806689;
		0.0, -1.0079322726398721e-10, 9.396504100756968e-08, -3.357625861452008e-05, 0.0045443752074875, -1.9017190937079194, 682.6004828685384;
		0.0, -7.232867212280749e-11, 6.777853106030972e-08, -2.43546694057372e-05, 0.003294923476196591, -1.4408562401960299, 506.89929344452815;
		0.0, -6.105914142003414e-11, 5.7476450834262446e-08, -2.075408895236314e-05, 0.002807815299938832, -1.275274107580977, 441.6756101455548;
		0.0, 5.485226050245005e-10, -3.835162332247089e-07, 9.925566945867525e-05, -0.004007379699654695, 13.17327755603278, -645.092985143727;
		0.0, -2.864528472388825e-10, 2.7328026005421473e-07, -0.00010009201820406303, 0.013548543404757571, -6.7401676223757345, 2241.7385233665123;
		0.0, -3.735269535677861e-10, 3.595341179019542e-07, -0.00013291798337521833, 0.018012658971588894, -9.418958930236476, 3065.2315375632975;
		0.0, -7.191206922238376e-11, 6.983888307313392e-08, -2.606143948128125e-05, 0.0035384873401092224, -1.9367315018973792, 618.9283931296287;
		0.0, 3.335927469131405e-11, -2.3652372435604287e-08, 6.2287894682092755e-06, -0.00024384147387004535, 0.9145364663712616, -42.80644240809259;
		0.0, 2.157066252545665e-09, -1.5340889838936524e-06, 0.000405543851631251, -0.0157569466829809, 60.965803031348955, -2822.0270025179116;
		0.0, 5.071993742091195e-10, -3.617579068014342e-07, 9.597768617678852e-05, -0.003701809905576964, 14.76247627039487, -675.9078883641961;
		0.0, 2.895922606347587e-10, -2.0711163806709382e-07, 5.5135565764207395e-05, -0.0021114572678375995, 8.670593057128007, -392.77192850942004;
		0.0, 4.6278151687412266e-11, -3.31818114255022e-08, 8.861672236248387e-06, -0.000337043139018043, 1.4237926297449954, -63.831328883240545;
		0.0, 1.5801482836540117e-10, -1.1356835183993153e-07, 3.0421127393034106e-05, -0.001149438169390673, 4.990048503818865, -221.47991026456856;
		0.0, 3.1323119883293995e-10, -2.474519810815381e-07, 7.329539638196467e-05, -0.0036939763142844043, 12.28185455819904, -769.0250127435331;
		0.0, 3.602917629241736e-10, -2.6006637826488596e-07, 7.004319399331018e-05, -0.0026145162662290044, 11.949275112030756, -520.486889918697;
		0.0, 1.3081531078697487e-11, -9.46078559761505e-09, 2.5543199378527733e-06, -9.481982291383666e-05, 0.4439113737865096, -19.169312147327137;
		0.0, 1.1764735161460558e-11, -8.5236510759101e-09, 2.306556017487334e-06, -8.518341559109726e-05, 0.40804623100231374, -17.478310151341407;
		0.0, 5.01663186078535e-10, -3.640584067908e-07, 9.872540110793666e-05, -0.0036289131135145277, 17.76547439835756, -755.3033813558501;
		0.0, 3.1135897269988775e-10, -2.2629517612502715e-07, 6.148672515709911e-05, -0.0022504962811737404, 11.246229954123402, -474.89331941689727;
		0.0, 3.381475581187572e-10, -2.4610268452584246e-07, 6.698865404452408e-05, -0.0024425965781284757, 12.444481462830773, -522.3080018661568;
		0.0, 4.852409720120768e-09, -3.5359528752000628e-06, 0.0009640576040238409, -0.03503628755316378, 181.76116966202014, -7588.339324349813;
		0.0, 1.3484475476656548e-10, -9.842500860663122e-08, 2.6891833612901557e-05, -0.0009720528026245659, 5.15552814272243, -213.3568601520649;
		0.0, 1.6920306585175876e-10, -1.2375046114915418e-07, 3.389548830408082e-05, -0.0012164256236386977, 6.618308702971224, -270.65313191912225;
		0.0, 2.7667596446777743e-09, -2.027410144615845e-06, 0.0005566384510923827, -0.01983606751876904, 110.65468802933643, -4471.840639642179;
		0.0, 7.584230165630736e-14, -2.3711820178954262e-11, -7.088192380052092e-09, 3.583037106709322e-06, 0.0, 1;
		0.0, 3.033097781613024e-12, -2.2305773589251476e-09, 6.151722479962665e-07, -2.1626116138177315e-05, 0.12661693881336125, -4.998110659654284;
		0.0, 1.1551417984064097e-10, -8.509367672079747e-08, 2.3517472474170826e-05, -0.0008213810069529505, 4.922574279340326, -192.07639696840351;
		0.0, 1.3109841518516775e-10, -9.672955166536306e-08, 2.6787258872063393e-05, -0.0009296999639148367, 5.699999786182819, -219.8793219945496;
		0.0, 8.940915712373297e-14, -3.4060596360395534e-11, -4.186259650874342e-09, 3.2150100183231654e-06, 0.0, 1;
		0.0, 7.458226183076498e-11, -5.5195857408924244e-08, 1.5343253341327356e-05, -0.0005261764655105488, 3.370312878856996, -127.13255964645359;
		0.0, 4.4399055255661365e-10, -3.29045691547972e-07, 9.162963139297573e-05, -0.0031245974436354576, 20.43859630648858, -762.6200013095956;
		0.0, 2.1551901726328967e-10, -1.5993820123801795e-07, 4.461362869333013e-05, -0.0015131021354261452, 10.101488941824204, -372.9196498916578;
		0.0, 3.216879433437445e-11, -2.3903366138750075e-08, 6.678486685590233e-06, -0.0002253306743078866, 1.5344040976512119, -56.060268518505104;
		0.0, 5.707998246995574e-10, -4.2465889898101775e-07, 0.00011883163926941682, -0.003989467045545435, 27.69360579745522, -1001.6224558766468;
		0.0, 8.982797764370012e-11, -6.690760245317592e-08, 1.8750398424896623e-05, -0.0006265162223591255, 4.430842601831433, -158.691829379058;
		0.0, 9.48467178168279e-10, -7.072447221407157e-07, 0.00019848113939901948, -0.006602027886268107, 47.540842117240004, -1686.646967065774;
		0.0, 1.3915810435340547e-09, -1.0387628166410988e-06, 0.00029191255209335966, -0.009668143172215067, 70.84615710602176, -2490.688507200169;
		0.0, 7.05068939025425e-11, -5.2683866935139535e-08, 1.4824300119691435e-05, -0.0004889798356478366, 3.6441676916411123, -127.00345854370353;
		0.0, 3.6913624032050186e-10, -2.7608910304565773e-07, 7.778219629058648e-05, -0.002555734637964673, 19.360214487075023, -669.1467388638607;
		0.0, 1.5200667249143487e-10, -1.13794372446534e-07, 3.209676019133311e-05, -0.001050766480328124, 8.086163235132501, -277.29365555757175;
		0.0, 2.2378822956806955e-11, -1.6767586171414165e-08, 4.734742043029884e-06, -0.0001544684167390563, 1.206909375820776, -41.08307516284562;
		0.0, 1.2508400551905064e-10, -9.379731363477497e-08, 2.651417606942226e-05, -0.0008621985955331832, 6.835953285229786, -231.09772632469756;
		0.0, 5.340524341368232e-10, -4.007822357085336e-07, 0.00011340584640430885, -0.003676520137820774, 29.56271071796905, -993.070435954988;
		0.0, 2.750171225432617e-09, -2.065398250061444e-06, 0.0005849929428255051, -0.018910059270221505, 154.1380281827345, -5147.294727518078;
		0.0, 1.7472946948903016e-10, -1.3134444916989337e-07, 3.724468695657768e-05, -0.0011987230560448856, 9.932276688359442, -328.33281926620793;
		0.0, 2.54819692362366e-09, -1.9174151507684763e-06, 0.000544390691686201, -0.01743324102606435, 147.02718666632495, -4799.788493922415;
		0.0, 1.8094169787674314e-10, -1.362840664682326e-07, 3.874036715805714e-05, -0.0012345516829617008, 10.594230460371504, -341.5460474275754;
		0.0, 2.8333404573375216e-11, -2.1360652088871246e-08, 6.0791095930866925e-06, -0.00019280994664422628, 1.6829874065155448, -53.58175701251846;
		0.0, 2.6526289888224614e-11, -2.001649964784339e-08, 5.70300477567941e-06, -0.00018005424784416454, 1.5980732386442653, -50.245214311860515;
		0.0, 6.155875631249239e-11, -4.649265281881033e-08, 1.3260928046271496e-05, -0.00041682118947551655, 3.760418206291259, -116.7633083234837;
		0.0, 4.415521074234684e-12, -3.33769598272558e-09, 9.530041679437444e-07, -2.9827202832654678e-05, 0.2734286575650329, -8.384973949697583;
		0.0, 1.9789480352932206e-11, -1.4971224938787653e-08, 4.279062875912373e-06, -0.0001333744068396198, 1.2419470307198375, -37.61555861153268;
		0.0, 9.843478083029217e-10, -7.452779290280189e-07, 0.0002132253262245174, -0.0066196221474618, 62.591796068417395, -1872.473445380784;
		0.0, 1.2202638685017816e-13, -6.236295956425177e-11, 5.030338101608029e-09, 1.8276602392178719e-06, 0.0, 1;
		0.0, 1.2295149026054376e-13, -6.319519088709346e-11, 5.311113032955142e-09, 1.7839438491644717e-06, 0.0, 1;
		0.0, 3.269097686816291e-11, -2.480688621383709e-08, 7.11703664495734e-06, -0.00021850770271999856, 2.15908686912638, -62.26898355274663;
		0.0, 2.235359077942325e-11, -1.6974474531333563e-08, 4.8741673227623226e-06, -0.00014913252125066208, 1.4944379204546987, -42.586050769675545;
		0.0, 1.2738958622387286e-10, -9.680065711518624e-08, 2.7819415264360217e-05, -0.0008483525901950546, 8.61895284917815, -242.7084121254903;
		0.0, 1.2575236652379699e-13, -6.589393375951444e-11, 6.278739909546192e-09, 1.6250782988570512e-06, 0.0, 1;
		0.0, 1.2622769114159132e-13, -6.641106852721727e-11, 6.48177757241629e-09, 1.5893619515779565e-06, 0.0, 1;
		0.0, 5.891819737993686e-10, -4.485678367572767e-07, 0.0001292203518828085, -0.003903988131634205, 41.263699521358056, -1122.2787391537015;
		0.0, 1.863309498650618e-09, -1.4194693153065928e-06, 0.00040921712489969364, -0.012327143553691435, 131.95281605290225, -3548.681613953926;
		0.0, 3.5672382342641385e-10, -2.7191193061336537e-07, 7.844626272549148e-05, -0.002356384861873496, 25.538271738035682, -679.2680733675229;
		0.0, 7.05130505645262e-11, -5.377916572491653e-08, 1.5526231453389898e-05, -0.0004650885376026891, 5.102315879768097, -134.24909938481312;
		0.0, 1.2725492732070757e-13, -6.805142556785759e-11, 7.263749716994089e-09, 1.434780543896447e-06, 0.0, 1;
		0.0, 1.0517137010721662e-10, -8.030086687413362e-08, 2.3214836571153915e-05, -0.0006916729038750733, 7.769931221846204, -200.19769092739529;
		0.0, 4.987705773110103e-10, -3.810255658687914e-07, 0.00011022650033417695, -0.003275539811497671, 37.22266176337025, -949.4433276790014;
		0.0, 1.280275107950526e-11, -9.78547737141407e-09, 2.8326589538398942e-06, -8.395888665322732e-05, 0.9649756754188654, -24.373771751184307;
		0.0, 2.529082493579775e-09, -1.9340262668063197e-06, 0.0005602081156067522, -0.016561781567522554, 192.48799785218483, -4816.024247311687;
		0.0, 3.444222050596127e-11, -2.6351587515025606e-08, 7.637715315594106e-06, -0.00022522277015418372, 2.646562037337406, -65.6128574320424;
		0.0, 4.602847990309463e-09, -3.5233397129192335e-06, 0.0010218243644769995, -0.0300551156968078, 357.0195321359327, -8773.513319975053;
		0.0, 5.435622606728766e-11, -4.162802378105815e-08, 1.2080043679550116e-05, -0.00035440731001368204, 4.255147699803404, -103.68929780848381;
		0.0, 9.015627174664155e-11, -6.907767590867555e-08, 2.00575442263222e-05, -0.0005869475360909283, 7.121770864939826, -172.15446496104954;
		0.0, 2.142173923757222e-09, -1.642094836717356e-06, 0.00047707859295984917, -0.0139244005001929, 170.74025748871475, -4093.3132957091807;
		0.0, 4.96261579664057e-11, -3.805799535409357e-08, 1.1062672146396848e-05, -0.0003219482108659553, 3.9932843308800714, -94.38603060977034;
		0.0, 3.876042324272893e-11, -2.9737715251800644e-08, 8.64828120720172e-06, -0.00025096083140412355, 3.1489219627880773, -73.25993891369622;
		0.0, 1.7550033656997358e-10, -1.3470220683597715e-07, 3.9191952171328564e-05, -0.0011341423934329836, 14.392828679877272, -329.54068282260477;
		0.0, 1.6905642652479257e-10, -1.2980762227780214e-07, 3.7784581356714724e-05, -0.0010904946313446487, 13.993831699326734, -315.27546283433355;
		0.0, 2.097834035009489e-11, -1.6114088207657723e-08, 4.6925075424625495e-06, -0.0001350811990573581, 1.7524908488367519, -38.84487497956427;
		0.0, 2.1688272172648775e-09, -1.666557505099942e-06, 0.0004855090583061429, -0.013941517563815944, 182.824029020324, -3986.311084299101;
		0.0, 8.632454914847283e-09, -6.635678394712579e-06, 0.0019338976596014038, -0.05539997354320021, 734.1950501486995, -15745.141574345676;
		0.0, 5.71566898422599e-11, -4.395101726550286e-08, 1.2813916894079397e-05, -0.00036623554793173565, 4.904099077655846, -103.42621392348227;
		0.0, 3.209247406393436e-10, -2.4686037430760023e-07, 7.199846266761585e-05, -0.002053250653824515, 27.77523737708139, -575.9788933218847;
		0.0, 4.761800269084596e-11, -3.6640507502053595e-08, 1.0690220672902456e-05, -0.00030421567408965545, 4.15658722594878, -84.74356011824256;
		0.0, 4.936892587228532e-09, -3.799987285283757e-06, 0.0011090611499863707, -0.03149638234977303, 434.5906492599747, -8709.97701081999;
		0.0, 7.725874496902313e-11, -5.948543612892214e-08, 1.7367103863940253e-05, -0.0004922378747290436, 6.8578278355362565, -135.0948331262764;
		0.0, 5.231580992070456e-11, -4.029277297373995e-08, 1.176746581995021e-05, -0.0003328917864927672, 4.682056922333826, -90.64754170826927;
		0.0, 3.8311158517550144e-11, -2.9515328884409747e-08, 8.622604096876593e-06, -0.00024347749995073888, 3.4565883557277206, -65.76408321610971;
		0.0, 2.252038030965685e-11, -1.7354953529078915e-08, 5.071608550811929e-06, -0.0001429525171569684, 2.048198485506406, -38.29069021492154;
		0.0, 4.1625349043390204e-11, -3.2086961186056245e-08, 9.37948840175928e-06, -0.00026392095805156615, 3.8157939735950217, -70.08873042416549;
		0.0, 6.075409558263187e-12, -4.684541367832529e-09, 1.3697558205724986e-06, -3.847750238557446e-05, 0.561295346179951, -10.128915703282841;
		0.0, 4.660659518452174e-11, -3.594660379505191e-08, 1.0513736291758321e-05, -0.0002948542462348099, 4.339220337395494, -76.92399983649602;
		0.0, 1.6845797572806582e-11, -1.2996293319537527e-08, 3.8022434130173477e-06, -0.00010646127880577303, 1.5803944091314515, -27.521349697529274;
		0.0, 1.1750228700662655e-11, -9.067559752146335e-09, 2.6535694600175692e-06, -7.418149784697487e-05, 1.1106886682777826, -18.99901467824876;
		0.0, 1.3530966931134347e-10, -1.0444512980471192e-07, 3.057361010648409e-05, -0.0008533638042565689, 12.885791595785033, -216.50626317059775;
		0.0, 6.770152966426726e-10, -5.227240272335382e-07, 0.00015305544112788615, -0.004265447710700845, 64.95052432405578, -1071.9018870644868;
		0.0, 2.3958738807134836e-11, -1.8503430108091024e-08, 5.419335655378219e-06, -0.00015079715621924212, 2.3153533992501263, -37.531993234576625;
		0.0, 8.897369976144076e-11, -6.873282614118188e-08, 2.013611077675208e-05, -0.0005594401865288858, 8.660696366234175, -137.89704598171355;
		0.0, 2.2393250880595178e-07, -0.00017303511749806565, 0.05070651714364258, -1.4065961585867899, 21954.14375993625, -343360.4883420126;
		0.0, 9.80603168231887e-10, -7.579237678959948e-07, 0.00022216423387749022, -0.006153195855333469, 96.82170031330872, -1487.510959474165;
		0.0, 1.5473530762359023e-10, -1.1962932995445877e-07, 3.507573243447125e-05, -0.0009699390183726048, 15.385879645242124, -232.21716905771694;
		0.0, 4.577253509307127e-12, -3.539732106415067e-09, 1.0381538385889125e-06, -2.866139744456427e-05, 0.45831738333870603, -6.796154117857732;
		0.0, 1.2356730027656932e-10, -9.558454924759752e-08, 2.8041647441084104e-05, -0.0007728956892506524, 12.458624310513779, -181.52776919121015;
		0.0, 1.279287833712921e-10, -9.89857917218448e-08, 2.904797021783585e-05, -0.000799273155500483, 12.987272601083056, -185.96383100483672;
		0.0, 2.052724682212856e-11, -1.5887583627881876e-08, 4.663703900602025e-06, -0.00012810017382856658, 2.0981826394889045, -29.530113099080957;
		0.0, 8.125789711323409e-10, -6.29097084489161e-07, 0.0001847244890105522, -0.005064733454236275, 83.62233506494736, -1157.0223766339664;
		0.0, 7.802412098090956e-12, -6.042388124816601e-09, 1.7748147342893499e-06, -4.8570147367907954e-05, 0.8083742850728933, -10.998396901889008;
		0.0, 1.936322128504076e-11, -1.4999887864951177e-08, 4.407318356619763e-06, -0.00012037685307316072, 2.019633262236047, -27.027221952837127;
		0.0, 3.99025643598739e-11, -3.092040252374807e-08, 9.088208722826517e-06, -0.0002477215330989423, 4.189794058957668, -55.164873247065884;
		0.0, 2.0148782446877978e-11, -1.5618189320237282e-08, 4.59214734286849e-06, -0.0001249050783825676, 2.1297319939395916, -27.598269287523816;
		0.0, 3.1496834395734553e-10, -2.4422508035843576e-07, 7.183449728980899e-05, -0.0019495538394561605, 33.51322003153437, -427.5856822064429;
		0.0, 4.9526044544100815e-11, -3.8415158787018004e-08, 1.130340099028105e-05, -0.0003060592008382506, 5.304519027490115, -66.66282167111011;
		0.0, 2.413763158690655e-10, -1.872783491017326e-07, 5.5121835491583215e-05, -0.001489201919051695, 26.019104714861054, -321.12293963424236;
		0.0, 6.806260341781189e-10, -5.281209846769581e-07, 0.00015543775738624573, -0.0041928911305852985, 73.7944184571945, -883.4246994494538;
		0.0, 5.49061838439711e-11, -4.260564515633897e-08, 1.253893131551425e-05, -0.0003377525072885372, 5.986851217973691, -69.37827495499951;
		0.0, 1.0494043600273026e-10, -8.143422665267895e-08, 2.3964398022096574e-05, -0.000644633401839847, 11.506662137777411, -128.9420665979396;
		0.0, 3.5374236171037135e-09, -2.745154620867519e-06, 0.000807771794500951, -0.02170050090234297, 390.0234422271408, -4221.537374119132;
		0.0, 1.3588935049216355e-10, -1.0545774165970702e-07, 3.102838704225365e-05, -0.0008325323264283161, 15.064516451438857, -157.30999583248516;
		0.0, 3.1968469555446504e-11, -2.4809955261810314e-08, 7.29898158589558e-06, -0.00019560955806132598, 3.5630940722037545, -35.851111918843905;
		0.0, 1.8826547577171607e-11, -1.4611136239084279e-08, 4.298064530437098e-06, -0.00011505646226733947, 2.1095148210305523, -20.42448838177573;
		0.0, 1.813023406745637e-10, -1.4070972637732047e-07, 4.138691338226259e-05, -0.0011067124548036762, 20.421766214091225, -189.99163393832598;
		0.0, 2.542873937730187e-11, -1.973564833505523e-08, 5.804140669578703e-06, -0.0001550478560337385, 2.879156482345278, -25.698921334316218;
		0.0, 1.7336676275131738e-11, -1.3455409779244216e-08, 3.956662472050512e-06, -0.00010559279035467511, 1.9730149538346062, -16.868476960063497;
		0.0, 5.1748054186571023e-11, -4.0163220134894905e-08, 1.1808762814967586e-05, -0.0003148526505121264, 5.919122047898359, -48.387382311679616;
		0.0, 4.3265674620625064e-11, -3.357998606490521e-08, 9.871854818823527e-06, -0.00026297744215094754, 4.973718652426711, -38.802343169896254;
		0.0, 0.0, -8.74664391364608e-08, 5.131067150632635e-05, -0.001904486442822702, 38.62337401679142, -1302.4100164693834;
		0.0, 7.734387223063242e-11, -6.002967572223711e-08, 1.7642727269795905e-05, -0.00046921397533719123, 8.979318496772043, -63.39453596342159;
		0.0, 7.882808782639567e-12, -6.118178027805512e-09, 1.797883916749624e-06, -4.7778555021057646e-05, 0.9196153264049034, -6.154277471035545;
		0.0, 7.768596204163916e-10, -6.029546781587453e-07, 0.00017715925396215868, -0.004704517510102784, 91.06587087855918, -576.1290341646835;
		0.0, 2.3770080002306167e-11, -1.8449048425171937e-08, 5.4199208042006325e-06, -0.0001438256599511375, 2.799709665513404, -16.694808826677782;
		0.0, 1.950349586847059e-11, -1.5137611796154975e-08, 4.446482128729604e-06, -0.00011791331735372839, 2.3080565255647505, -12.929689757262905;
		0.0, 3.830323244520584e-11, -2.9729155428050754e-08, 8.731378604494374e-06, -0.00023138821749890337, 4.554124472310986, -23.879463961241616;
		0.0, 6.421634190372505e-10, -4.984203127957239e-07, 0.00014636528542374882, -0.0038762883097798705, 76.70704135106891, -374.9182515784533;
		0.0, 1.6966908137287886e-11, -1.3169126851663924e-08, 3.866721462112971e-06, -0.00010234021910095941, 2.03609851450103, -9.233116640796093;
		0.0, 2.1531510638311076e-10, -1.6712218071766748e-07, 4.906426092646379e-05, -0.0012977715258829386, 25.95757992189432, -108.62592518075903;
		0.0, 1.0311932704771799e-10, -8.003989868898718e-08, 2.3495522942852254e-05, -0.00062108372495181, 12.488556842244867, -47.930846841545836;
		0.0, 1.7919593643607294e-10, -1.3909233351101972e-07, 4.082550981539182e-05, -0.0010785227608823059, 21.80081684737685, -76.18393444070547;
		0.0, 2.3606084605234113e-09, -1.8323546363847082e-06, 0.0005377625875232438, -0.014197759389830877, 288.49105604471663, -910.0792292467324;
		0.0, 1.9094873262935482e-11, -1.4822281122504165e-08, 4.3496252007017284e-06, -0.00011476503236000282, 2.3441293130528167, -6.606607658240058;
		0.0, 8.13378254141592e-13, -6.314019188687503e-10, 1.852686187817032e-07, -4.885210045365761e-06, 0.1003015551903006, -0.24934443991173075;
		0.0, 3.5238522876408023e-12, -2.7355753157707906e-09, 8.026155191160809e-07, -2.1149772697157513e-05, 0.43649398937562955, -0.9417492363232456;
		0.0, 3.8550444685738915e-10, -2.992822291176316e-07, 8.780251452461612e-05, -0.00231213578440471, 47.96587885114994, -87.93782497071872;
		0.0, 5.823086211979785e-12, -4.520936119516298e-09, 1.3262518993985072e-06, -3.490036852396882e-05, 0.727774307480696, -1.1015068484688373;
		0.0, 6.262567707444302e-10, -4.862441764262581e-07, 0.00014263576231919145, -0.003750743370686323, 78.62046381501993, -94.20685344035627;
		0.0, 6.859944395230473e-12, -5.326635250303943e-09, 1.5624588054503317e-06, -4.10551816616132e-05, 0.86505643459055, -0.7679412275566111;
		0.0, 1.702030529518406e-11, -1.3217038904379203e-08, 3.876834897624172e-06, -0.00010178674576329876, 2.155933236383586, -1.255379593172359;
		0.0, 3.861355736405858e-10, -2.9987786921393814e-07, 8.795898552728913e-05, -0.002307433202989726, 49.130735749093375, -13.841817868469569;
		0.0, 1.5431625642496818e-11, -1.1985644779463038e-08, 3.5156039886556297e-06, -9.214436425688882e-05, 1.9723653713163156, 0.024081950304765752;
		0.0, 1.2199895833091369e-11, -9.476541501980296e-09, 2.7796551425611415e-06, -7.278597197273312e-05, 1.5663179324128012, 0.4744230946881268;
		0.0, 2.897067342458116e-10, -2.2506274408717788e-07, 6.601723468157726e-05, -0.0017269591386564773, 37.363549608623366, 21.92368572148893;
		0.0, 1.3710793711237631e-11, -1.0652796542654008e-08, 3.1249074834436836e-06, -8.165884381912624e-05, 1.7763426054120297, 1.5360890493576531;
		0.0, 5.1327328296771344e-11, -3.988513017216182e-08, 1.1700710571065202e-05, -0.0003054158054837814, 6.68034415785709, 7.59222911707161;
		0.0, 8.009199944631194e-10, -6.22469616615714e-07, 0.0001826228467266184, -0.004761208840325022, 104.72191951549243, 146.80752442045548;
		0.0, 1.9759111939222924e-10, -1.5359210052444014e-07, 4.506612116184641e-05, -0.0011734461281943701, 25.95544700976572, 43.101169743943366;
		0.0, 1.4092601273382963e-10, -1.0956467008574825e-07, 3.215174282590067e-05, -0.0008360524104133601, 18.59853279313599, 35.57176914451852;
		0.0, 3.4087040177045466e-11, -2.6506521138864997e-08, 7.779445659979499e-06, -0.00020200291611005618, 4.519809497495881, 9.751725254775526;
		0.0, 5.135211354169801e-09, -3.994038879668313e-06, 0.0011724108873578843, -0.030397022468263847, 684.1495221322718, 1638.6378149143266;
		0.0, 1.0139607209005466e-11, -7.888094197741212e-09, 2.3159066832469066e-06, -5.994795979510238e-05, 1.3573591660346849, 3.5634171662226266;
		0.0, 3.5265616896831123e-10, -2.7441399514919397e-07, 8.058365366260164e-05, -0.0020823838977005855, 47.43807423064973, 135.0841079264123;
		0.0, 2.480196114215727e-11, -1.9304195775441932e-08, 5.6701540028128435e-06, -0.00014626005491382622, 3.3526324880368166, 10.265402051874265;
		0.0, 2.406592067801046e-09, -1.8736406829558497e-06, 0.0005504816405424661, -0.014172464456594041, 326.926522726484, 1068.3845401725823;
		0.0, 5.074465654554675e-11, -3.95184603404522e-08, 1.1613993801649591e-05, -0.00029840706987673856, 6.928057574587317, 24.008827875853534;
		0.0, 1.961918937357958e-09, -1.5283393741174165e-06, 0.00044929418274926064, -0.011519905654292074, 269.20317565677846, 985.2688021033113;
		0.0, 6.906259095856468e-11, -5.379891991342257e-08, 1.5812216142441968e-05, -0.00040495770521633005, 9.5094606853134, 38.29342280603571;
		0.0, 1.1856334452644384e-09, -9.234318846156948e-07, 0.0002712827603211637, -0.006943183172651073, 163.6958530112907, 733.1640533929049;
		0.0, 2.7601151902374515e-11, -2.1493348945124992e-08, 6.311276584263375e-06, -0.00016143212275832134, 3.8209164723812092, 18.84454445671271;
		0.0, 2.0411287738325375e-12, -1.589163717426942e-09, 4.6641816818943277e-07, -1.1923425408008273e-05, 0.2832980068175369, 1.5258828694655648;
		0.0, 4.853952784998442e-12, -3.778454456496324e-09, 1.1084416639528107e-06, -2.8320925237443918e-05, 0.6754323857343159, 3.9454024666472223;
		0.0, 3.1659408419503334e-11, -2.4640010776158604e-08, 7.224862031262743e-06, -0.00018450524253690122, 4.416548034344592, 27.81266813442481;
		0.0, 9.065447708460309e-10, -7.054173646354929e-07, 0.00020673947012470197, -0.005277186573378024, 126.77835961738732, 856.2871085824873;
		0.0, 3.986189941032914e-11, -3.101224140044318e-08, 9.084432593032962e-06, -0.0002317883709500153, 5.588203779294486, 40.300280607554846;
		0.0, 1.0469050512339576e-09, -8.143296885866541e-07, 0.00023842468968353833, -0.006080987126757124, 147.11703376629785, 1128.3434840829786;
		0.0, 1.772976081289055e-11, -1.378838709010862e-08, 4.035060373015624e-06, -0.00010287641793667075, 2.4973781883904795, 20.29899133178453;
		0.0, 4.5972322307700234e-11, -3.574575543405082e-08, 1.0455529798581854e-05, -0.00026648205715598374, 6.49065218172756, 55.73433592506103;
		0.0, 2.382583875390023e-11, -1.852225016631792e-08, 5.415019764920729e-06, -0.00013797196354443922, 3.3716030361266185, 30.498712558020223;
		0.0, 2.2669161206267142e-11, -1.7619707033515622e-08, 5.148605242244137e-06, -0.00013114788835978962, 3.2151889580102915, 30.559460314247964;
		0.0, 2.392124666022777e-11, -1.8589384754319873e-08, 5.429260421840018e-06, -0.00013826259499199095, 3.4003609056212825, 33.87982463815052;
		0.0, 3.528301327334865e-11, -2.741355421018243e-08, 8.002508960526147e-06, -0.00020374798689382152, 5.026496830895775, 52.38740264742568;
		0.0, 4.3428836350044184e-11, -3.373626328847384e-08, 9.843365690622664e-06, -0.00025056708377557083, 6.200486112380025, 67.46461495814314;
		0.0, 6.402803584932693e-11, -4.972889513574903e-08, 1.450247477129435e-05, -0.0003691008992592084, 9.16126704251536, 103.87349825698935;
		0.0, 2.6752863310586765e-11, -2.0774459074169062e-08, 6.05551233556384e-06, -0.00015409380586431227, 3.8360540866704724, 45.24801720720075;
		0.0, 3.4000155427767163e-10, -2.6397462205262355e-07, 7.690817222805506e-05, -0.001956797378060042, 48.855804760198204, 598.5724427548398;
		0.0, 1.2255517453498272e-11, -9.513404623492901e-09, 2.7703654210260433e-06, -7.047849401322658e-05, 1.7647400362073704, 22.42494319707119;
		0.0, 1.7593549455772426e-10, -1.365470071934928e-07, 3.9744395789900045e-05, -0.001010992395979089, 25.38693413004485, 334.1308640714322;
		0.0, 5.148949603116182e-10, -3.995520002950011e-07, 0.00011624166231945172, -0.0029565944108015676, 74.45231687941424, 1013.6345293935007;
		0.0, 1.7198495248264741e-09, -1.334359007008162e-06, 0.00038802374487434686, -0.009868490710155829, 249.20032350649277, 3505.2886418424773;
		0.0, 4.4304897106381723e-10, -3.4368719843212876e-07, 9.98961386329881e-05, -0.002540430708563953, 64.32879719552031, 933.8062625767785;
		0.0, 6.30026815660808e-12, -4.886546043862838e-09, 1.4196782775644238e-06, -3.6100866763190915e-05, 0.9166557095237908, 13.71717917523224;
		0.0, 5.339195515454487e-12, -4.140494617765471e-09, 1.2023914712911242e-06, -3.05734562424856e-05, 0.7784228705069286, 11.99600358159528;
		0.0, 3.934632335751319e-09, -3.0508175182843946e-06, 0.0008855619812501352, -0.022515911067199693, 574.82609394935, 9113.758778204521;
		0.0, 4.829083167528559e-12, -3.743819201988741e-09, 1.0862512993782874e-06, -2.7616762659324628e-05, 0.706953402670857, 11.520981271334309;
		0.0, 4.936494121874078e-11, -3.826567998794485e-08, 1.1097917875538251e-05, -0.0002821337821507653, 7.241704188068085, 121.19704546772638;
		0.0, 1.6080969831290007e-10, -1.2463681185899558e-07, 3.6132592114338625e-05, -0.0009185056499747833, 23.639248101188738, 405.94815224433734;
		0.0, 3.405145929328702e-11, -2.638857792712595e-08, 7.647049946772222e-06, -0.00019437611831089253, 5.016039873786249, 88.3143280808914;
		0.0, 1.4420800931966198e-10, -1.1174259275022223e-07, 3.2368787865346225e-05, -0.0008226928408462875, 21.28746012590965, 383.9634010512696;
		0.0, 2.5864733445017296e-11, -2.003962556887716e-08, 5.802724608992348e-06, -0.00014746896435727765, 3.826118129448025, 70.64721525528054;
		0.0, 4.047399345019399e-12, -3.135546162006548e-09, 9.076019938303035e-07, -2.3062989795324987e-05, 0.5999986991650471, 11.332978042006685;
		0.0, 1.0089078920250078e-10, -7.815335156297737e-08, 2.2613882532871796e-05, -0.0005745658112792957, 14.988512357869162, 289.40589286478706;
		0.0, 7.948953281967315e-11, -6.15699130714839e-08, 1.7809307463920225e-05, -0.0004524265911126505, 11.83477013659189, 233.43807627256317;
		0.0, 3.4009277456431763e-10, -2.634039282226558e-07, 7.61653927023819e-05, -0.001934577643179717, 50.74596969240726, 1021.8645806793675;
		0.0, 1.2009045192711955e-09, -9.300437990323041e-07, 0.0002688449882942657, -0.00682727825848508, 179.5887941921677, 3689.5813757567785;
		0.0, 4.3639276722688115e-13, -3.379454464767822e-10, 9.765957339246409e-08, -2.4795139305164953e-06, 0.06540769220379215, 1.3701420871614776;
		0.0, 3.729630583622244e-11, -2.8881057941745207e-08, 8.343679982464141e-06, -0.000211788821909382, 5.602891195650752, 119.59957636174097;
		0.0, 4.0757536383759145e-11, -3.156005542761003e-08, 9.11518843294097e-06, -0.00023130838899904915, 6.137133271952891, 133.41694555135334;
		0.0, 1.33171872751148e-11, -1.0311678007297984e-08, 2.977473175313613e-06, -7.553347439203932e-05, 2.0100120527361165, 44.47602616444874;
		0.0, 2.2879091292667446e-11, -1.771524776342126e-08, 5.114037757854412e-06, -0.00012968982588772133, 3.4615613597354216, 77.91848121640568;
		0.0, 2.4938300617366125e-11, -1.930952991116056e-08, 5.5730687942202355e-06, -0.00014127656876585927, 3.7823959408303103, 86.56478595441058;
		0.0, 6.714078470517598e-11, -5.1986733079993056e-08, 1.5001313523324204e-05, -0.0003801202910039393, 10.20879068301881, 237.42373485447183;
		0.0, 3.587459678407729e-11, -2.777790870557964e-08, 8.014174924317386e-06, -0.00020297751236274372, 5.46871387948202, 129.17658632336824;
		0.0, 8.327276838407183e-10, -6.448030319164855e-07, 0.00018600190737663342, -0.004708514329642027, 127.27252360812216, 3051.8322002615055;
		0.0, 2.7208404963925723e-10, -2.1069007445404552e-07, 6.0767920956070136e-05, -0.0015374370720283542, 41.69586454299076, 1014.4434929883747;
		0.0, 2.588881098290223e-10, -2.0048208036709755e-07, 5.781693105456698e-05, -0.0014618825032603402, 39.78196955254963, 981.5557357341949;
		0.0, 4.404614502780089e-11, -3.4111400207722147e-08, 9.836434726780717e-06, -0.000248545885077648, 6.787248988449442, 169.74770243998475;
		0.0, 4.0525802313038866e-11, -3.138754053669575e-08, 9.050318994575605e-06, -0.0002285177963844584, 6.262643570763127, 158.68652365793554;
		0.0, 8.558935287165444e-11, -6.629571853878265e-08, 1.9114837604909186e-05, -0.000482268484779128, 13.265267636671926, 340.37947727869624;
		0.0, 5.862466142108527e-11, -4.541426748368358e-08, 1.3093817488244666e-05, -0.0003300809369568214, 9.113345891088501, 236.6930827409121;
		0.0, 6.314967003993097e-11, -4.892554310806568e-08, 1.4106170387007795e-05, -0.0003552809500015201, 9.846963897041595, 258.7422801273126;
		0.0, 1.3772745058464389e-09, -1.0671959808259712e-06, 0.0003077003972953896, -0.007742321221797559, 215.43643852392336, 5724.538252840765;
		0.0, 3.134927675864903e-10, -2.4295007921196805e-07, 7.005233562020138e-05, -0.0017608276842825518, 49.19588714846365, 1321.3139146475955;
		0.0, 1.5486678663712793e-10, -1.2003848310074365e-07, 3.461459707047684e-05, -0.0008691091498708829, 24.38363292136802, 661.6570940017597;
		0.0, 1.1364791417670468e-10, -8.810559304276561e-08, 2.5408988555285778e-05, -0.0006372238547732568, 17.954705922494618, 492.0077544558347;
		0.0, 1.7242775591986089e-09, -1.337014904921663e-06, 0.0003856359069941027, -0.00965916439158698, 273.3630351010148, 7561.275345343336;
		0.0, 4.894503358015491e-11, -3.7960523224316124e-08, 1.095073311913346e-05, -0.0002739236774106661, 7.787485871633445, 217.32891239890398;
		0.0, 2.3070594296357424e-11, -1.78971736701131e-08, 5.163902756463607e-06, -0.00012898959100479012, 3.6842158106357794, 103.68924958112645;
		0.0, 2.9480715913393448e-12, -2.287566302321174e-09, 6.60181126736112e-07, -1.6466264663510818e-05, 0.472568884307559, 13.406801083950798;
		0.0, 2.561246446031805e-12, -1.987948086098232e-09, 5.738570630501767e-07, -1.4290758777702032e-05, 0.4121577916505414, 11.781435507527092;
		0.0, 1.8129328337519488e-12, -1.4075429438598532e-09, 4.0642786484304205e-07, -1.0104573910350508e-05, 0.29290352966540373, 8.432115949181696;
		0.0, 1.8373866176621797e-10, -1.42697135442063e-07, 4.121681526458556e-05, -0.0010229503722333688, 29.807208485253405, 863.7982126286215;
		0.0, 2.1972813434475427e-10, -1.7068705929589754e-07, 4.9309952516058105e-05, -0.0012219038615343, 35.7728031521236, 1045.6151331653605;
		0.0, 4.314255173089782e-11, -3.350646801669363e-08, 9.673727010350113e-06, -0.00023962092245269684, 7.028544127978851, 209.4130487373042;
		0.0, 3.195446018685059e-12, -2.481062322428596e-09, 7.157969099450931e-07, -1.7726499438383705e-05, 0.5207289781367064, 15.831448701133482;
		0.0, 4.047764889382533e-11, -3.141986305919392e-08, 9.058202172400925e-06, -0.00022427843513585572, 6.597815693953377, 204.62232083231962;
		0.0, 3.6828561528476332e-09, -2.857960469728261e-06, 0.0008233384068134393, -0.020381975675435204, 600.4254322699234, 18990.28734464615;
		0.0, 1.8515738310749096e-11, -1.4364636173655205e-08, 4.1352351262644974e-06, -0.00010235294418132343, 3.019186749032303, 97.35556746191227;
		0.0, 2.2977430751068607e-10, -1.782120113624081e-07, 5.126548823984349e-05, -0.0012687238069769356, 37.47233297519762, 1231.5765664182377;
		0.0, 6.687121787485674e-12, -5.185092320044565e-09, 1.490480972740456e-06, -3.6882444738857846e-05, 1.090674153606388, 36.52663984532849;
		0.0, 1.4271074403937177e-09, -1.1062560651436639e-06, 0.00031776561803514305, -0.007862500727615317, 232.78014016807026, 7941.651946781569;
		0.0, 8.823117454469114e-11, -6.837586601985936e-08, 1.962614472277745e-05, -0.00048557725058836533, 14.392367318343325, 500.0759619458083;
		0.0, 5.50199148420847e-11, -4.26267885335479e-08, 1.2226311672118032e-05, -0.0003024803085578608, 8.975094545097404, 317.52093487935497;
		0.0, 9.624947812925173e-11, -7.454923800166884e-08, 2.1366660664040702e-05, -0.0005285974797513979, 15.700553777951198, 565.419636037715;
		0.0, 1.0173067094078392e-10, -7.877332738597823e-08, 2.2560740380742026e-05, -0.0005581319017393487, 16.594159849032437, 608.1747346147787;
		0.0, 5.461739324919408e-12, -4.2280599825015095e-09, 1.2100304944995605e-06, -2.9935250737495166e-05, 0.8908633991853797, 33.219849646978254;
		0.0, 5.84834270699175e-11, -4.52612330309722e-08, 1.2943836123379317e-05, -0.0003202287879520992, 9.53850438115745, 361.8082638356478;
		0.0, 2.4603068636437175e-11, -1.903561169706462e-08, 5.439832442087958e-06, -0.0001345863700900091, 4.012317570675133, 154.77644256989444;
		0.0, 3.1766457082616396e-10, -2.4571460828611665e-07, 7.016692538023848e-05, -0.0017360940547798658, 51.799439845830456, 2031.6436275987594;
		0.0, 1.0520738981244203e-11, -8.135680107195465e-09, 2.3215555012135363e-06, -5.744495497089666e-05, 1.7153209775710303, 68.38854879086273;
		0.0, 1.1653622884395744e-11, -9.0093797634255e-09, 2.5690052360394224e-06, -6.357352965713747e-05, 1.899749697224151, 76.97570176159321;
		0.0, 1.2697728553659678e-10, -9.814026112464244e-08, 2.7964266028417125e-05, -0.0006920848106853519, 20.696243978799252, 852.0668161001552;
		0.0, 2.7658114234840676e-10, -2.1371353489358268e-07, 6.085213656266956e-05, -0.0015061979581341555, 45.0726281312254, 1885.0642918517935;
		0.0, 3.239354557495837e-09, -2.502403904634323e-06, 0.0007120171785932526, -0.017625946541787785, 527.7997946732395, 22419.242652250796;
		0.0, 2.7083346293209204e-12, -2.091663934290581e-09, 5.947247278279831e-07, -1.472443738551481e-05, 0.44119394489934044, 19.02954527418257;
		0.0, 9.920143819941313e-11, -7.659484478308184e-08, 2.1762893446342482e-05, -0.0005388956991492832, 16.156923136319676, 707.4799253539497;
		0.0, 3.4190603517696085e-11, -2.6392571668136286e-08, 7.493659081150455e-06, -0.00018558872540057428, 5.567478625114815, 247.4463944786462;
		0.0, 3.31027260556329e-08, -2.554662585512169e-05, 0.007248417378929282, -0.17954538202789413, 5389.209683633981, 243067.03291675606;
		0.0, 5.688777559064021e-10, -4.38919850690313e-07, 0.0001244499868703461, -0.003083207587823499, 92.59538625260885, 4237.2134504660235;
		0.0, 7.784035002683924e-11, -6.004393355297302e-08, 1.701301705878006e-05, -0.00042156934906695693, 12.667300205845562, 588.0011340395687;
		0.0, 2.911974076278545e-11, -2.2456999677789574e-08, 6.358715364604435e-06, -0.00015759391539824942, 4.737800116091266, 223.04221903672112;
		0.0, 3.5980056276129324e-11, -2.7741357245354893e-08, 7.84971196700445e-06, -0.00019458446948521997, 5.852782836653661, 279.38521734995885;
		0.0, 6.108898248721962e-11, -4.709040620522863e-08, 1.3315888522579961e-05, -0.0003301496073819365, 9.935229344424, 480.7987537438002;
		0.0, 9.570330842646092e-12, -7.375680442326084e-09, 2.084273666998131e-06, -5.1687158944604604e-05, 1.5561784329760366, 76.33167337087158;
		0.0, 3.7174178634951373e-10, -2.8643363786880764e-07, 8.089006070790514e-05, -0.0020063706079727654, 60.435985174259166, 3004.1093383286434;
		0.0, 4.8685125648182514e-11, -3.750499269666025e-08, 1.0584795825142545e-05, -0.00026259520579401216, 7.91366545438196, 398.55579407244926;
		0.0, 2.2900442684270874e-12, -1.7637978573611646e-09, 4.974715813958295e-07, -1.2344134543701578e-05, 0.37218441762998944, 18.987900199418405;
		0.0, 6.957478651233587e-11, -5.357612836663363e-08, 1.5101529384092134e-05, -0.0003748009425565336, 11.30592499568736, 584.1824633816605;
		0.0, 1.8774201475673187e-12, -1.4454327720367248e-09, 4.071757653032751e-07, -1.0107596017519486e-05, 0.3050447750256008, 15.96048696317393;
		0.0, 1.1837249114012381e-11, -9.111852523054546e-09, 2.56524882067587e-06, -6.369127274447772e-05, 1.923133431363034, 101.87067477358248;
		0.0, 2.3849935384702174e-12, -1.8355453522320961e-09, 5.16453509709827e-07, -1.2825191701854986e-05, 0.38744650765557925, 20.774289097977245;
		0.0, 1.0007164705516987e-10, -7.70040790024031e-08, 2.1653494252231072e-05, -0.0005378239937145076, 16.25595233205905, 882.1008876053211;
		0.0, 6.778390018014474e-11, -5.21502924694837e-08, 1.4656290024969808e-05, -0.00036409317072401756, 11.010731320026851, 604.5481029563374;
		0.0, 2.367139008004852e-11, -1.8208924649979083e-08, 5.114577115669262e-06, -0.00012707810560488406, 3.845156623035604, 213.57725019398288;
		0.0, 5.364325631550135e-12, -4.125807661316335e-09, 1.1582381203183374e-06, -2.878240673522254e-05, 0.8714041433238207, 48.95579025315271;
		0.0, 2.9203511974825784e-11, -2.245769660348158e-08, 6.301195386724838e-06, -0.00015660859591679158, 4.74425527352522, 269.53394536965857;
		0.0, 1.5934244781311587e-10, -1.2251831754137737e-07, 3.435842899052089e-05, -0.0008540514208062271, 25.888595121029734, 1487.0717790370745;
		0.0, 3.2746511008750386e-12, -2.5175443647398623e-09, 7.056505921350275e-07, -1.7542544527014644e-05, 0.5321110747532758, 30.897338441195622;
		0.0, 0.0, -7.191386604231772e-08, 4.435821615504616e-05, -0.0014498137281727976, 64.50271911404265, -258.9280601832942;
		0.0, 6.376046346796474e-11, -4.900705370605999e-08, 1.3723029043713107e-05, -0.0003412222723293465, 10.364841117583552, 614.6424797213642;
		0.0, 2.889563310160034e-11, -2.2207103015467587e-08, 6.215585716378671e-06, -0.00015456125639520053, 4.69849454836154, 281.49099967674965;
		0.0, 1.1215886855618253e-09, -8.618852487503923e-07, 0.0002411265151726256, -0.005996346772270394, 182.42997710133585, 11039.86579672882;
		0.0, 2.395669254872293e-10, -1.840781983714933e-07, 5.1476601129185186e-05, -0.0012801655532215398, 38.980435342382506, 2382.2784354452683;
		0.0, 6.685584439565894e-11, -5.1366294228627235e-08, 1.4358353330795181e-05, -0.0003570806083746714, 10.8827600882612, 671.5505834617393;
		0.0, 2.588134796038405e-12, -1.988350064637801e-09, 5.555781691295912e-07, -1.3816638989803654e-05, 0.42149252473574217, 26.256625509383962;
		0.0, 1.3564379912104085e-09, -1.0420220498639389e-06, 0.00029104656942420244, -0.007237775943049106, 221.01979672934758, 13896.45926233873;
		0.0, 3.789867105367456e-12, -2.911225271167353e-09, 8.128341987021145e-07, -2.0212457932113245e-05, 0.6178866395988452, 39.203128739419334;
		0.0, 5.0414557293420146e-12, -3.8724577743130825e-09, 1.0808391512524104e-06, -2.687456201128616e-05, 0.8224722662041368, 52.64851010365152;
		0.0, 8.970672061462177e-11, -6.890308847314173e-08, 1.922511896511442e-05, -0.0004779699229941741, 14.645306298744469, 945.649106285271;
		0.0, 6.560477351749777e-11, -5.038907101803922e-08, 1.405499516314277e-05, -0.0003493823834379636, 10.718801485932458, 698.0031674625494;
		0.0, 9.467402903252507e-12, -7.271486593895889e-09, 2.027634483414706e-06, -5.039479519026037e-05, 1.5481348679936764, 101.651165131346;
		0.0, 4.67576658120865e-09, -3.591211313985611e-06, 0.0010011240017360737, -0.024876886495476532, 765.2952025084742, 50656.7127053701;
		0.0, 2.229141168044706e-10, -1.7120875066215805e-07, 4.77157620178138e-05, -0.00118540851393152, 36.521130945462694, 2436.509217595061;
		0.0, 9.61839303779097e-13, -7.387469502631126e-10, 2.0583979007219143e-07, -5.112329714298173e-06, 0.1577513138678378, 10.605312631005352;
		0.0, 6.868195749579535e-12, -5.2752771538541545e-09, 1.469554122897979e-06, -3.648743521694757e-05, 1.1277466200174877, 76.38331299587604;
		0.0, 2.4635352885632707e-11, -1.8922371835384935e-08, 5.270255384501992e-06, -0.00013081028413067757, 4.050061574183412, 276.30867224866387;
		0.0, 3.096539532153405e-11, -2.3785504678495717e-08, 6.623591143450374e-06, -0.00016433873222679337, 5.097415125470686, 350.21736242023303;
		0.0, 4.219689727133518e-10, -3.241456072247829e-07, 9.025179761078326e-05, -0.0022383175004030637, 69.56043838077356, 4811.855858723813;
		0.0, 2.914646267316276e-12, -2.2391044680665527e-09, 6.233534134527499e-07, -1.545262515178845e-05, 0.4811882135770839, 33.506965569893644;
		0.0, 2.1372690635469808e-10, -1.642032386130681e-07, 4.570838924237974e-05, -0.0011325259556490765, 35.34076335944966, 2476.69180842932;
		0.0, 8.880615571413527e-12, -6.823462939306246e-09, 1.8992554780027391e-06, -4.7032887419643743e-05, 1.470918998036702, 103.72084984836931;
		0.0, 1.0767433207091683e-11, -8.274057104030972e-09, 2.3028822943067974e-06, -5.6995056217361237e-05, 1.7866079418011607, 126.73377271894194;
		0.0, 8.395616010653536e-12, -6.4522154032678064e-09, 1.7957557467094244e-06, -4.441611297496378e-05, 1.3956756211757742, 99.57198980355358;
		0.0, 4.217426545380892e-12, -3.2415994747975594e-09, 9.021811603546424e-07, -2.2299500457529277e-05, 0.702488612467467, 50.39459321728028;
		0.0, 3.91824787338276e-11, -3.012069057311526e-08, 8.383132056788826e-06, -0.00020705967001821091, 6.540176796233541, 471.65856399528104;
		0.0, 1.5533274364286102e-10, -1.1942712522096454e-07, 3.3240116456921716e-05, -0.0008203871259239644, 25.984449024720924, 1883.4148025690565;
		0.0, 4.179048472194983e-11, -3.213587879809838e-08, 8.944978746724471e-06, -0.00022058779625708529, 7.006949943922909, 510.3350890748099;
		0.0, 1.4016445572672328e-10, -1.0780266220883549e-07, 3.0009576567591736e-05, -0.0007394116541024124, 23.55809372234212, 1723.6890665947517;
		0.0, 1.0537969920179665e-11, -8.106501988554778e-09, 2.256924496694964e-06, -5.555787454174744e-05, 1.7756630766153794, 130.4875348782029;
		0.0, 1.791754301349592e-13, -1.378625059101645e-10, 3.8387952974732604e-08, -9.440678424722524e-07, 0.030271582755702683, 2.2337246878089663;
		0.0, 3.426694448645691e-11, -2.637185445530222e-08, 7.344582521673908e-06, -0.00018043972422783519, 5.805481931860543, 430.0448129091934;
		0.0, 1.2157132667342799e-11, -9.358377129030821e-09, 2.6068574057038767e-06, -6.397581166037058e-05, 2.0656394180844533, 153.56939521329633;
		0.0, 0.0, -4.464209497136052e-07, 0.00027696571045234035, -0.0089024154831756, 443.7170289924902, 722.9728093803119;
		0.0, 4.716053519645996e-11, -3.6322553812424286e-08, 1.0123076932469795e-05, -0.0002478601160840433, 8.062881502435664, 603.3458531181233;
		0.0, 2.4636726958669687e-10, -1.8980391125013899e-07, 5.291405406290567e-05, -0.001293977036889794, 42.2595504096287, 3171.3872101421334;
		0.0, 0.0, -2.0663757162657564e-08, 1.2830811084983772e-05, -0.00041135699887169134, 20.727093834535488, 39.45988050288546;
		0.0, 5.373766057287331e-12, -4.1425832129937275e-09, 1.1556802917280504e-06, -2.8186522642810707e-05, 0.9282369790977211, 70.00753634000004;
		0.0, 1.07100200386727e-11, -8.258980404018425e-09, 2.304932662915721e-06, -5.613767866353227e-05, 1.8567813402262234, 140.35517906862236;
		0.0, 0.0, -1.8209147998720849e-07, 0.00011315739452207288, -0.0036183270549679466, 184.53242539406085, 430.3159633228354;
		0.0, 1.8758724333771977e-11, -1.4464403503649381e-08, 4.032425230135854e-06, -9.81117581563307e-05, 3.256213049558158, 252.58139745846628;
		0.0, 5.1441751919425856e-12, -3.965997139958036e-09, 1.1048087347556842e-06, -2.6873371961904672e-05, 0.8927250821176852, 70.31279728252333;
		0.0, 1.4893855241803405e-10, -1.1481006916241812e-07, 3.195782211043733e-05, -0.0007771458597172438, 25.836984707880198, 2066.2072784494235;
		0.0, 4.753336823909434e-11, -3.663570072190248e-08, 1.0189619429032576e-05, -0.000247732876491088, 8.241506153445773, 669.1755488439495;
		0.0, 9.604882713362026e-12, -7.4016414707510595e-09, 2.0569883950839493e-06, -4.9999774927255184e-05, 1.6642353447244103, 137.1935599165222;
		0.0, 5.075914431292411e-11, -3.91090556786077e-08, 1.085989484467546e-05, -0.00026392621543994273, 8.788060537458351, 735.496580042086;
		0.0, 1.1518590836533571e-11, -8.873328890632812e-09, 2.461919384916502e-06, -5.982211759930853e-05, 1.992399720787997, 169.28318601114697;
		0.0, 1.9337949996945217e-10, -1.4894267460488854e-07, 4.1289548603425285e-05, -0.001003158334719706, 33.414051131422674, 2882.010934563126;
		0.0, 2.3136874344536806e-10, -1.7816901130526117e-07, 4.934939109375727e-05, -0.0011988447091436229, 39.930840896934825, 3496.0857740564675;
		0.0, 1.4919115697083883e-11, -1.1486476262845503e-08, 3.178779345940364e-06, -7.721537030227228e-05, 2.5714417821356625, 228.5247666092447;
		0.0, 1.2454621296921017e-11, -9.587117895295274e-09, 2.6508250728363036e-06, -6.438684856894077e-05, 2.143578385418713, 193.35403576611992;
		0.0, 6.302431147452806e-11, -4.850394999687579e-08, 1.3399399992220472e-05, -0.0003254501166196577, 10.830255449992109, 991.475980817251;
		0.0, 2.53332980632212e-10, -1.949260785922768e-07, 5.3800893754087015e-05, -0.001306718266273258, 43.46016515359081, 4037.7105032481472;
		0.0, 7.478849184743142e-11, -5.7533413715458395e-08, 1.586526917464427e-05, -0.00038533961208113936, 12.807144024103335, 1207.4377151175916;
		0.0, 1.3574951294052565e-09, -1.0440680561619773e-06, 0.00028764747320086996, -0.0069866781054524684, 232.01893047235941, 22195.81641958385;
		0.0, 0.0, -1.2015970608039865e-06, 0.0007475333404509951, -0.023702231254215427, 1299.2158477904957, 11029.861886224531;
		0.0, 1.1967308557366374e-10, -9.200088081738758e-08, 2.5300213909849223e-05, -0.0006146001178380008, 20.369104096645046, 2005.770277751136;
		0.0, 0.0, -1.0821787146510758e-06, 0.0006732249418843784, -0.02133126331252711, 1177.9629824839294, 10914.483569111764;
		0.0, 9.195911235465793e-12, -7.066248695613364e-09, 1.9396014116700054e-06, -4.712797432356402e-05, 1.5580323533381986, 157.86578016054878;
		0.0, 9.451253450903184e-12, -7.260739404895779e-09, 1.9911206027424094e-06, -4.838683170499098e-05, 1.597383015627298, 164.15589518217226;
		0.0, 6.666344732692322e-11, -5.1200632443146685e-08, 1.4027619459997715e-05, -0.00034094656660556847, 11.238391406728391, 1171.2263906943153;
		0.0, 1.3543766389307904e-10, -1.0399731537664714e-07, 2.8465701529120496e-05, -0.000692000008504077, 22.772629531552408, 2406.5240615084354;
		0.0, 1.7993470627716895e-10, -1.3813121921824093e-07, 3.7773067791351064e-05, -0.0009184536730831504, 30.172299259452615, 3232.7668561399346;
		0.0, 7.790678289179856e-11, -5.979235528492799e-08, 1.6335281543040596e-05, -0.0003972839859941711, 13.027248949783484, 1414.9917519363667;
		0.0, 1.7036520735002992e-11, -1.3072064394538087e-08, 3.56792707437908e-06, -8.6795699153502e-05, 2.8405897893635244, 312.7438255857061;
		0.0, 1.7585430733062683e-10, -1.3489899451010323e-07, 3.6785105594320805e-05, -0.0008950970456579246, 29.234730972258735, 3262.117162055281;
		0.0, 6.443649932519812e-11, -4.941738891544827e-08, 1.3462809147382071e-05, -0.0003276856873036864, 10.679896943947194, 1207.6087559037671;
		0.0, 2.5828150922787788e-12, -1.980309742341952e-09, 5.389928634432927e-07, -1.3123082432346283e-05, 0.42676602428271354, 48.892699658884304;
		0.0, 1.3925765473676843e-09, -1.0674580970222893e-06, 0.00029026628006966333, -0.007069481981896117, 229.37808922540503, 26621.613054846475;
		0.0, 5.556044302671215e-10, -4.2578419747736794e-07, 0.00011567336643735712, -0.002818183077072849, 91.22460153125749, 10723.918060784303;
		0.0, 6.175314605902729e-10, -4.73124303271705e-07, 0.00012841618884968186, -0.0031297290935657558, 101.06439726406505, 12031.695298234632;
		0.0, 7.558754679937792e-12, -5.789741607178712e-09, 1.5700280837427421e-06, -3.8278195295257066e-05, 1.2330031493206521, 148.629534008268;
		0.0, 1.3481001769449782e-10, -1.0323438938339877e-07, 2.7969179796787304e-05, -0.0006821600993063085, 21.91771185614295, 2674.674882345122;
		0.0, 2.920711860078516e-11, -2.2360674387798662e-08, 6.05272677185063e-06, -0.00014768119948492466, 4.732684242010618, 584.5721426021037;
		0.0, 5.753303438016968e-11, -4.4036042042557316e-08, 1.1909389674524528e-05, -0.0002906938561954124, 9.291193638579317, 1161.3779032462687;
		0.0, 2.0100443954674644e-10, -1.5381276442893735e-07, 4.156168522153594e-05, -0.0010148825904113487, 32.350950605534344, 4091.42768669786;
		0.0, 1.7577264021711617e-11, -1.3447293802512492e-08, 3.6304480349937327e-06, -8.868760508316246e-05, 2.819388086055658, 360.69435131825963;
		0.0, 5.4971912287068395e-11, -4.204578966011035e-08, 1.1341686008270208e-05, -0.00027718102747820107, 8.787463863274015, 1136.9815188450573;
		0.0, 2.5407189485775264e-10, -1.9428430756251344e-07, 5.236345760833656e-05, -0.001280265691010586, 40.47609657929779, 5295.404918694485;
		0.0, 1.018379115957166e-09, -7.785588567110684e-07, 0.0002096638232934093, -0.005128417417630906, 161.6862939379411, 21383.922143862503;
		0.0, 7.815084178402341e-12, -5.973352439371877e-09, 1.6073043850859797e-06, -3.933216387907823e-05, 1.2365877109193766, 165.29207603718274;
		0.0, 4.359866285809472e-12, -3.3316685864490977e-09, 8.957696296791646e-07, -2.1929917008673063e-05, 0.687542519456513, 92.86180125108567;
		0.0, 5.049330365794381e-10, -3.857699943229401e-07, 0.0001036393569647324, -0.0025383824068638838, 79.36090238622585, 10827.999709327507;
		0.0, 6.103415177220969e-11, -4.6620348832994423e-08, 1.25152892493971e-05, -0.00030666559285008014, 9.56105036555321, 1317.4760331173884;
		0.0, 1.2298354451062772e-10, -9.392032225346365e-08, 2.5194268535079132e-05, -0.0006176142918794408, 19.202408851402975, 2671.634002216595;
		0.0, 2.8890780985982605e-11, -2.2058910188333495e-08, 5.913045758147171e-06, -0.0001450165166948251, 4.496386870603493, 631.4719895867676;
		0.0, 1.0602034368376413e-10, -8.09335079888244e-08, 2.1679478979645782e-05, -0.0005319174577305812, 16.447906091546884, 2331.0603245760976;
		0.0, 1.1611684131341476e-11, -8.862395058362339e-09, 2.3723215683883036e-06, -5.823126926829097e-05, 1.7958006324285862, 256.76367628865955;
		0.0, 1.37568926921226e-11, -1.0497731223968698e-08, 2.8082055743823377e-06, -6.895988050152713e-05, 2.121055615710067, 305.87034184198774;
		0.0, 1.557378757448569e-11, -1.1882042703130259e-08, 3.176470670399308e-06, -7.803590339052589e-05, 2.3940026784524595, 348.0923333361263;
		0.0, 2.834469071571909e-10, -2.1621853795588118e-07, 5.776655140789138e-05, -0.0014197262712190256, 43.44430318649326, 6367.363281800317;
		0.0, 3.8753345595513105e-09, -2.955680313797514e-06, 0.0007891881794368888, -0.01940365027504059, 592.2921355390527, 87476.07705280712;
		0.0, 1.7670207154737918e-10, -1.347472105441126e-07, 3.5957759976778755e-05, -0.0008844348878083143, 26.932192716212874, 4006.991725281462;
		0.0, 2.5833300565879694e-12, -1.969657782054984e-09, 5.25319662793228e-07, -1.2925948809836257e-05, 0.3926928494283143, 58.83800004290566;
		0.0, 2.936297729951867e-11, -2.238445946582474e-08, 5.966917547578414e-06, -0.00014687539285969446, 4.452030698009433, 671.5584258819969;
		0.0, 2.4063841426030095e-10, -1.8342147206958082e-07, 4.886917340810024e-05, -0.0012033405697275744, 36.39592134975343, 5525.338932055248;
		0.0, 2.338757616335709e-09, -1.7824285537443016e-06, 0.00047466722227737745, -0.011692064745918034, 352.8977526295918, 53900.637425526664;
		0.0, 1.477699527814027e-12, -1.1260506578009952e-09, 2.997357725022714e-07, -7.385542512708049e-06, 0.22247165168031555, 34.17544529918408;
		0.0, 3.107198983603055e-11, -2.36749388944939e-08, 6.299185600841365e-06, -0.00015526127844276132, 4.668024133635578, 720.9762851698299;
		0.0, 3.6785620178851526e-11, -2.8025232187809385e-08, 7.4536899504510235e-06, -0.00018377134361403151, 5.515321248078866, 856.1670210779916;
		0.0, 2.6795961076027534e-10, -2.0412445691842956e-07, 5.4269442458660515e-05, -0.0013383874042497573, 40.100048517593684, 6254.359686838264;
		0.0, 2.670991094896415e-12, -2.0344923279882855e-09, 5.407126133548126e-07, -1.3338440204855937e-05, 0.3990131333785477, 62.506285825090366;
		0.0, 3.4528593073778578e-09, -2.6298065526171273e-06, 0.0006987091346887911, -0.01724005940435623, 514.9804286114633, 80997.67861744869;
		0.0, 6.254712046393624e-12, -4.7633987486879765e-09, 1.2652136569206305e-06, -3.1224926992739485e-05, 0.9314841770436091, 147.04427436969073;
		0.0, 1.3401491917925337e-11, -1.020542166432327e-08, 2.7099704325979004e-06, -6.689421328900516e-05, 1.9931438736292086, 315.6790658317388;
		0.0, 1.1794427136119407e-11, -8.981032254315137e-09, 2.3842885634684743e-06, -5.8865403873926496e-05, 1.7520284894522817, 278.3082264969068;
		0.0, 1.51773414081387e-11, -1.1556338869965566e-08, 3.06735725175342e-06, -7.574147771796517e-05, 2.2521757339229618, 358.679229266868;
		0.0, 2.5148973535616877e-12, -1.914800389659048e-09, 5.081497213956137e-07, -1.2549306879129848e-05, 0.372849071297607, 59.51095087911515;
		0.0, 7.718760803436731e-11, -5.876693519023101e-08, 1.5593296872573733e-05, -0.0003851367842900943, 11.43487480231359, 1828.5005652771092;
		0.0, 1.2195575462960234e-11, -9.28482211049025e-09, 2.463360595998864e-06, -6.084772433272845e-05, 1.8056063786995291, 289.15155379752554;
		0.0, 8.813675377081154e-10, -6.709925718875407e-07, 0.00017800586591568823, -0.004397239057210293, 130.43096193642157, 20910.325316193383;
		0.0, 1.8939078140435265e-09, -1.4418247904706e-06, 0.00038247593703743296, -0.009448641302942627, 280.1896580112083, 44951.88837516099;
		0.0, 4.973969475739184e-11, -3.7866344324932195e-08, 1.0044605568328854e-05, -0.0002481462123400486, 7.357546942486828, 1180.8165190281368;
		0.0, 1.82020668348825e-11, -1.3857060416159694e-08, 3.675794468397863e-06, -9.080827524312606e-05, 2.692488183048538, 432.11068784150586;
		0.0, 5.112040891966884e-10, -3.8917822269146455e-07, 0.00010323861299904932, -0.0025503854938016485, 75.63068625047276, 12133.008434470934;
		0.0, 9.813972666019115e-12, -7.471476905607973e-09, 1.9821039522220374e-06, -4.896317679671641e-05, 1.4523993858594624, 232.82183757314164;
		0.0, 3.2514037658537588e-12, -2.4753891512149867e-09, 6.56753709389269e-07, -1.6222404318769723e-05, 0.48141091940769815, 77.08312153977526;
		0.0, 2.129127622852907e-11, -1.6210217836178376e-08, 4.301300553361877e-06, -0.00010623615755885347, 3.15440079682191, 504.317853989726;
		0.0, 6.246117969744272e-10, -4.7557113023665406e-07, 0.00012620919690813832, -0.0031168317754513403, 92.6106829023285, 14778.558573816812;
		0.0, 2.4041505105576863e-11, -1.8305797596978296e-08, 4.858938710631028e-06, -0.00011997870259819673, 3.5679039197170956, 568.0773762908641;
		0.0, 3.522542205850145e-11, -2.6823065793373776e-08, 7.121163472958225e-06, -0.0001758104229526799, 5.233257202867511, 831.0568904659578;
		0.0, 7.661698435155652e-10, -5.834531480084795e-07, 0.00015493545223832145, -0.0038244249948999973, 113.96417253480608, 18044.010984854365;
		0.0, 4.412785412649849e-11, -3.3606707095862716e-08, 8.926587528830887e-06, -0.00022029948391457337, 6.572725279491709, 1037.1917539615338;
		0.0, 6.6132831100416306e-12, -5.036929886117838e-09, 1.338296490988492e-06, -3.302054222528956e-05, 0.9865056197542394, 155.09803098919892;
		0.0, 3.2003307860433766e-11, -2.4377140108822765e-08, 6.479005334440163e-06, -0.0001598216346816571, 4.781747307218625, 748.7410723877775;
		0.0, 2.6269706866458155e-11, -2.0011771070988624e-08, 5.3206195686684295e-06, -0.00013121289266761823, 3.9320011436198032, 612.9771473993692;
		0.0, 1.6402796478599317e-11, -1.2496661805584204e-08, 3.3237915749867764e-06, -8.19459154729844e-05, 2.4597986604832918, 381.6487807293602;
		0.0, 7.016077683472294e-11, -5.345883631518416e-08, 1.4224397894763666e-05, -0.00035058950234278185, 10.542723483968096, 1627.4284638786228;
		0.0, 2.341315255095871e-10, -1.784174438161868e-07, 4.749391918876772e-05, -0.001170219559014902, 35.257232166977296, 5412.944203578768;
		0.0, 3.456644654398392e-11, -2.6344357674850898e-08, 7.015941172962078e-06, -0.00017281151986904084, 5.217029703816201, 796.3410460164652;
		0.0, 7.818205079910568e-12, -5.959344234048906e-09, 1.5878355641059637e-06, -3.909698335263182e-05, 1.1827800982867684, 179.4430649079467;
		0.0, 1.162546815916576e-11, -8.8626494245953e-09, 2.3626016110263542e-06, -5.8153119934388827e-05, 1.7631249669732885, 265.77238564705675;
		0.0, 4.527647812407082e-12, -3.4521558103872785e-09, 9.207629424364152e-07, -2.265528425375298e-05, 0.6884376252776983, 103.07571188242277;
		0.0, 5.685392947944918e-10, -4.335566159623199e-07, 0.00011570292449917285, -0.00284577113439249, 86.6789793657027, 12886.4416045704;
		0.0, 6.4520750008488045e-12, -4.921020769759104e-09, 1.3140295177972415e-06, -3.230650349566659e-05, 0.9864015751514964, 145.5677774440867;
		0.0, 1.1985200596447728e-10, -9.142696375273898e-08, 2.4427870642476928e-05, -0.0006003372561545063, 18.375431352105146, 2690.970682709438;
		0.0, 2.093855052928948e-12, -1.5975391120375216e-09, 4.271043415718144e-07, -1.0492154234943407e-05, 0.32196697675069175, 46.77487201279988;
		0.0, 1.788949952570621e-11, -1.3651538647887326e-08, 3.6521180745340173e-06, -8.967950187381783e-05, 2.7591010155468543, 397.53099964163096;
		0.0, 1.0770495627582304e-11, -8.220536255103583e-09, 2.2006618169649195e-06, -5.401526537086556e-05, 1.6662464740641294, 238.02351190912378;
		0.0, 4.114243651848252e-11, -3.140783566046139e-08, 8.413760693257287e-06, -0.00020642670255165163, 6.384912210903265, 904.0451768958429;
		0.0, 1.9312886082928378e-12, -1.4746229378428653e-09, 3.9531259949129225e-07, -9.69453445598469e-06, 0.30067487487716854, 42.1859521898424;
		0.0, 2.151347735797511e-11, -1.642980808147006e-08, 4.407660011760862e-06, -0.00010804475658037125, 3.360217264884041, 467.0425460986139;
		0.0, 5.149388998641273e-11, -3.933397364517592e-08, 1.056008511847797e-05, -0.000258744725242977, 8.069343116928748, 1110.7887120343712;
		0.0, 0.0, -5.734292879587073e-06, 0.0035595159932142314, -0.11247776370097101, 6618.958990971449, 119629.32650476928;
		0.0, 2.4708648246712007e-12, -1.888198056730331e-09, 5.077125209920591e-07, -1.2429066919182046e-05, 0.3897876336277309, 52.589489861325845;
		0.0, 1.0570359051185761e-11, -8.079496455218199e-09, 2.1742061892701804e-06, -5.3202310089793507e-05, 1.6731480578686326, 223.4005400472336;
		0.0, 4.4083461433262603e-10, -3.3702953194116476e-07, 9.07689318670405e-05, -0.0022201247024407084, 70.01544740544088, 9249.531525751887;
		0.0, 2.0627621585588743e-10, -1.5773958746443806e-07, 4.2517637588777544e-05, -0.0010394925285125848, 32.873494963455144, 4295.838961281718;
		0.0, 1.4873598590695683e-09, -1.1376491777665452e-06, 0.00030690358481317084, -0.007500126537490739, 237.8449057257462, 30737.958602002884;
		0.0, 2.715596155641499e-10, -2.077588228187912e-07, 5.609494584012117e-05, -0.0013702739113323535, 43.573563621122744, 5567.879006453965
	];