#1
double data(2920, 2)
0;160.7
10800;0.0
21600;2141.7
32400;380.3
43200;799.3
54000;380.3
64800;868.5
75600;693.6
86400;0.0
97200;81.4
108000;134.2
118800;404.7
129600;284.7
140400;720.0
151200;201.4
162000;473.9
172800;189.2
183600;26.4
194400;488.1
205200;732.2
216000;595.9
226800;528.8
237600;215.6
248400;665.1
259200;0.0
270000;176.9
280800;26.4
291600;650.8
302400;760.7
313200;730.2
324000;925.4
334800;569.5
345600;150.5
356400;0.0
367200;107.8
378000;1045.4
388800;636.6
399600;339.7
410400;772.9
421200;528.8
432000;256.3
442800;0.0
453600;229.8
464400;972.2
475200;1057.6
486000;244.1
496800;486.1
507600;583.7
518400;0.0
529200;0.0
540000;203.4
550800;675.3
561600;608.1
572400;677.3
583200;797.3
594000;339.7
604800;120.0
615600;0.0
626400;852.2
637200;134.2
648000;514.6
658800;502.4
669600;423.0
680400;571.5
691200;0.0
702000;0.0
712800;650.8
723600;272.5
734400;486.1
745200;215.6
756000;732.2
766800;610.2
777600;176.9
788400;0.0
799200;191.2
810000;258.3
820800;691.5
831600;921.4
842400;325.4
853200;392.5
864000;0.0
874800;26.4
885600;81.4
896400;1940.3
907200;504.4
918000;122.0
928800;256.3
939600;406.8
950400;40.7
961200;0.0
972000;107.8
982800;541.0
993600;691.5
1004400;583.7
1015200;1354.6
1026000;124.1
1036800;93.6
1047600;26.4
1058400;471.9
1069200;1163.4
1080000;231.9
1090800;2143.7
1101600;262.4
1112400;353.9
1123200;0.0
1134000;26.4
1144800;337.6
1155600;2656.3
1166400;380.3
1177200;884.7
1188000;2290.2
1198800;528.8
1209600;392.5
1220400;0.0
1231200;445.4
1242000;351.9
1252800;459.7
1263600;528.8
1274400;1029.1
1285200;284.7
1296000;0.0
1306800;0.0
1317600;3034.6
1328400;301.0
1339200;624.4
1350000;122.0
1360800;349.8
1371600;205.4
1382400;270.5
1393200;26.4
1404000;284.7
1414800;205.4
1425600;583.7
1436400;516.6
1447200;203.4
1458000;610.2
1468800;0.0
1479600;40.7
1490400;26.4
1501200;351.9
1512000;880.7
1522800;744.4
1533600;366.1
1544400;433.2
1555200;270.5
1566000;0.0
1576800;459.7
1587600;1342.4
1598400;1560.0
1609200;543.0
1620000;652.9
1630800;569.5
1641600;40.7
1652400;0.0
1663200;569.5
1674000;449.5
1684800;569.5
1695600;366.1
1706400;366.1
1717200;624.4
1728000;0.0
1738800;0.0
1749600;268.5
1760400;2387.8
1771200;2428.5
1782000;270.5
1792800;459.7
1803600;1954.6
1814400;825.8
1825200;0.0
1836000;244.1
1846800;406.8
1857600;612.2
1868400;703.7
1879200;595.9
1890000;813.6
1900800;0.0
1911600;81.4
1922400;217.6
1933200;433.2
1944000;449.5
1954800;366.1
1965600;2983.7
1976400;937.6
1987200;67.1
1998000;14.2
2008800;40.7
2019600;270.5
2030400;516.6
2041200;722.0
2052000;191.2
2062800;368.1
2073600;0.0
2084400;162.7
2095200;52.9
2106000;707.8
2116800;1301.7
2127600;622.4
2138400;720.0
2149200;553.2
2160000;406.8
2170800;0.0
2181600;258.3
2192400;179.0
2203200;732.2
2214000;746.4
2224800;419.0
2235600;502.4
2246400;189.2
2257200;162.7
2268000;107.8
2278800;449.5
2289600;691.5
2300400;368.1
2311200;325.4
2322000;486.1
2332800;0.0
2343600;0.0
2354400;567.5
2365200;663.0
2376000;134.2
2386800;2778.3
2397600;406.8
2408400;811.5
2419200;351.9
2430000;0.0
2440800;97.6
2451600;516.6
2462400;2186.4
2473200;2509.8
2484000;528.8
2494800;244.1
2505600;0.0
2516400;0.0
2527200;272.5
2538000;244.1
2548800;797.3
2559600;339.7
2570400;313.2
2581200;296.9
2592000;81.4
2602800;0.0
2613600;244.1
2624400;854.2
2635200;801.4
2646000;217.6
2656800;663.0
2667600;150.5
2678400;0.0
2689200;0.0
2700000;95.6
2710800;201.4
2721600;746.4
2732400;720.0
2743200;366.1
2754000;193.2
2764800;122.0
2775600;0.0
2786400;201.4
2797200;516.6
2808000;488.1
2818800;473.9
2829600;368.1
2840400;419.0
2851200;612.2
2862000;0.0
2872800;809.5
2883600;380.3
2894400;1045.4
2905200;313.2
2916000;176.9
2926800;270.5
2937600;0.0
2948400;0.0
2959200;1193.9
2970000;408.8
2980800;260.3
2991600;435.3
3002400;663.0
3013200;530.8
3024000;69.2
3034800;0.0
3045600;282.7
3056400;449.5
3067200;663.0
3078000;988.5
3088800;272.5
3099600;124.1
3110400;0.0
3121200;0.0
3132000;2088.8
3142800;461.7
3153600;258.3
3164400;272.5
3175200;770.8
3186000;1165.4
3196800;488.1
3207600;0.0
3218400;148.5
3229200;789.1
3240000;406.8
3250800;447.5
3261600;473.9
3272400;475.9
3283200;0.0
3294000;26.4
3304800;0.0
3315600;768.8
3326400;730.2
3337200;683.4
3348000;988.5
3358800;445.4
3369600;217.6
3380400;0.0
3391200;26.4
3402000;191.2
3412800;124.1
3423600;2796.6
3434400;718.0
3445200;583.7
3456000;526.8
3466800;0.0
3477600;122.0
3488400;703.7
3499200;679.3
3510000;339.7
3520800;296.9
3531600;164.7
3542400;0.0
3553200;26.4
3564000;595.9
3574800;974.2
3585600;337.6
3596400;758.6
3607200;500.3
3618000;284.7
3628800;134.2
3639600;0.0
3650400;299.0
3661200;435.3
3672000;744.4
3682800;1830.5
3693600;299.0
3704400;109.8
3715200;0.0
3726000;0.0
3736800;801.4
3747600;500.3
3758400;490.2
3769200;433.2
3780000;571.5
3790800;406.8
3801600;28.5
3812400;107.8
3823200;366.1
3834000;1328.1
3844800;122.0
3855600;315.3
3866400;176.9
3877200;691.5
3888000;0.0
3898800;217.6
3909600;0.0
3920400;435.3
3931200;541.0
3942000;2550.5
3952800;1141.0
3963600;663.0
3974400;189.2
3985200;0.0
3996000;353.9
4006800;380.3
4017600;827.8
4028400;1031.2
4039200;827.8
4050000;665.1
4060800;52.9
4071600;26.4
4082400;758.6
4093200;433.2
4104000;299.0
4114800;311.2
4125600;419.0
4136400;787.1
4147200;0.0
4158000;26.4
4168800;638.6
4179600;880.7
4190400;1122.7
4201200;734.2
4212000;813.6
4222800;339.7
4233600;272.5
4244400;0.0
4255200;368.1
4266000;353.9
4276800;3687.4
4287600;2670.5
4298400;539.0
4309200;313.2
4320000;0.0
4330800;0.0
4341600;260.3
4352400;2145.8
4363200;246.1
4374000;545.1
4384800;339.7
4395600;1588.5
4406400;191.2
4417200;95.6
4428000;122.0
4438800;272.5
4449600;272.5
4460400;612.2
4471200;136.3
4482000;459.7
4492800;0.0
4503600;203.4
4514400;270.5
4525200;256.3
4536000;242.0
4546800;732.2
4557600;530.8
4568400;256.3
4579200;299.0
4590000;0.0
4600800;1165.4
4611600;217.6
4622400;473.9
4633200;329.5
4644000;516.6
4654800;923.4
4665600;244.1
4676400;0.0
4687200;433.2
4698000;665.1
4708800;746.4
4719600;585.8
4730400;272.5
4741200;203.4
4752000;0.0
4762800;54.9
4773600;459.7
4784400;473.9
4795200;787.1
4806000;364.1
4816800;150.5
4827600;921.4
4838400;107.8
4849200;0.0
4860000;880.7
4870800;1535.6
4881600;486.1
4892400;2371.5
4903200;246.1
4914000;541.0
4924800;0.0
4935600;176.9
4946400;539.0
4957200;313.2
4968000;107.8
4978800;325.4
4989600;459.7
5000400;299.0
5011200;52.9
5022000;176.9
5032800;231.9
5043600;638.6
5054400;282.7
5065200;624.4
5076000;284.7
5086800;95.6
5097600;0.0
5108400;95.6
5119200;0.0
5130000;449.5
5140800;581.7
5151600;610.2
5162400;486.1
5173200;1816.3
5184000;284.7
5194800;0.0
5205600;270.5
5216400;667.1
5227200;679.3
5238000;923.4
5248800;571.5
5259600;581.7
5270400;217.6
5281200;325.4
5292000;351.9
5302800;286.8
5313600;313.2
5324400;488.1
5335200;650.8
5346000;648.8
5356800;0.0
5367600;0.0
5378400;150.5
5389200;907.1
5400000;557.3
5410800;272.5
5421600;665.1
5432400;650.8
5443200;244.1
5454000;0.0
5464800;284.7
5475600;715.9
5486400;282.7
5497200;473.9
5508000;339.7
5518800;583.7
5529600;0.0
5540400;40.7
5551200;624.4
5562000;827.8
5572800;351.9
5583600;366.1
5594400;445.4
5605200;150.5
5616000;246.1
5626800;0.0
5637600;138.3
5648400;677.3
5659200;396.6
5670000;746.4
5680800;502.4
5691600;311.2
5702400;0.0
5713200;81.4
5724000;28.5
5734800;353.9
5745600;461.7
5756400;339.7
5767200;433.2
5778000;380.3
5788800;244.1
5799600;0.0
5810400;109.8
5821200;396.6
5832000;205.4
5842800;516.6
5853600;394.6
5864400;353.9
5875200;339.7
5886000;136.3
5896800;176.9
5907600;349.8
5918400;282.7
5929200;299.0
5940000;421.0
5950800;693.6
5961600;0.0
5972400;14.2
5983200;95.6
5994000;774.9
6004800;705.8
6015600;2182.4
6026400;258.3
6037200;840.0
6048000;42.7
6058800;0.0
6069600;258.3
6080400;150.5
6091200;1505.1
6102000;516.6
6112800;148.5
6123600;148.5
6134400;0.0
6145200;0.0
6156000;404.7
6166800;260.3
6177600;892.9
6188400;366.1
6199200;217.6
6210000;1002.7
6220800;122.0
6231600;40.7
6242400;242.0
6253200;205.4
6264000;284.7
6274800;2522.0
6285600;40.7
6296400;2330.8
6307200;0.0
6318000;81.4
6328800;81.4
6339600;598.0
6350400;229.8
6361200;502.4
6372000;693.6
6382800;691.5
6393600;555.3
6404400;0.0
6415200;296.9
6426000;311.2
6436800;191.2
6447600;555.3
6458400;760.7
6469200;286.8
6480000;28.5
6490800;95.6
6501600;203.4
6512400;2684.7
6523200;1019.0
6534000;461.7
6544800;490.2
6555600;191.2
6566400;0.0
6577200;81.4
6588000;203.4
6598800;341.7
6609600;191.2
6620400;976.3
6631200;270.5
6642000;351.9
6652800;203.4
6663600;0.0
6674400;437.3
6685200;392.5
6696000;990.5
6706800;636.6
6717600;431.2
6728400;827.8
6739200;0.0
6750000;0.0
6760800;569.5
6771600;598.0
6782400;557.3
6793200;93.6
6804000;339.7
6814800;502.4
6825600;0.0
6836400;0.0
6847200;311.2
6858000;937.6
6868800;315.3
6879600;598.0
6890400;366.1
6901200;164.7
6912000;0.0
6922800;81.4
6933600;107.8
6944400;2672.5
6955200;718.0
6966000;581.7
6976800;758.6
6987600;746.4
6998400;81.4
7009200;0.0
7020000;52.9
7030800;301.0
7041600;294.9
7052400;882.7
7063200;677.3
7074000;976.3
7084800;286.8
7095600;26.4
7106400;583.7
7117200;1543.7
7128000;421.0
7138800;530.8
7149600;785.1
7160400;555.3
7171200;0.0
7182000;0.0
7192800;459.7
7203600;838.0
7214400;785.1
7225200;299.0
7236000;392.5
7246800;705.8
7257600;244.1
7268400;0.0
7279200;1165.4
7290000;650.8
7300800;705.8
7311600;447.5
7322400;325.4
7333200;109.8
7344000;0.0
7354800;40.7
7365600;1094.2
7376400;624.4
7387200;785.1
7398000;447.5
7408800;1045.4
7419600;229.8
7430400;378.3
7441200;0.0
7452000;136.3
7462800;514.6
7473600;935.6
7484400;191.2
7495200;203.4
7506000;162.7
7516800;0.0
7527600;203.4
7538400;122.0
7549200;1535.6
7560000;378.3
7570800;530.8
7581600;445.4
7592400;366.1
7603200;0.0
7614000;0.0
7624800;231.9
7635600;203.4
7646400;543.0
7657200;650.8
7668000;378.3
7678800;215.6
7689600;270.5
7700400;14.2
7711200;583.7
7722000;313.2
7732800;1204.1
7743600;459.7
7754400;514.6
7765200;854.2
7776000;0.0
7786800;189.2
7797600;162.7
7808400;4883.4
7819200;689.5
7830000;772.9
7840800;555.3
7851600;502.4
7862400;406.8
7873200;0.0
7884000;730.2
7894800;229.8
7905600;486.1
7916400;880.7
7927200;567.5
7938000;370.2
7948800;0.0
7959600;0.0
7970400;705.8
7981200;459.7
7992000;636.6
8002800;490.2
8013600;1165.4
8024400;2454.9
8035200;203.4
8046000;0.0
8056800;107.8
8067600;299.0
8078400;406.8
8089200;663.0
8100000;272.5
8110800;229.8
8121600;0.0
8132400;203.4
8143200;54.9
8154000;311.2
8164800;518.6
8175600;380.3
8186400;311.2
8197200;353.9
8208000;242.0
8218800;0.0
8229600;95.6
8240400;760.7
8251200;528.8
8262000;366.1
8272800;323.4
8283600;541.0
8294400;419.0
8305200;14.2
8316000;231.9
8326800;284.7
8337600;866.4
8348400;244.1
8359200;636.6
8370000;284.7
8380800;0.0
8391600;0.0
8402400;270.5
8413200;610.2
8424000;475.9
8434800;296.9
8445600;624.4
8456400;543.0
8467200;203.4
8478000;0.0
8488800;1230.5
8499600;787.1
8510400;600.0
8521200;652.9
8532000;516.6
8542800;134.2
8553600;0.0
8564400;0.0
8575200;679.3
8586000;856.3
8596800;382.4
8607600;299.0
8618400;311.2
8629200;516.6
8640000;311.2
8650800;14.2
8661600;134.2
8672400;227.8
8683200;838.0
8694000;325.4
8704800;231.9
8715600;449.5
8726400;0.0
8737200;14.2
8748000;0.0
8758800;785.1
8769600;2603.4
8780400;528.8
8791200;677.3
8802000;392.5
8812800;95.6
8823600;0.0
8834400;231.9
8845200;299.0
8856000;396.6
8866800;526.8
8877600;191.2
8888400;744.4
8899200;368.1
8910000;14.2
8920800;435.3
8931600;555.3
8942400;69.2
8953200;296.9
8964000;622.4
8974800;423.0
8985600;0.0
8996400;14.2
9007200;842.0
9018000;2613.5
9028800;313.2
9039600;296.9
9050400;734.2
9061200;473.9
9072000;514.6
9082800;0.0
9093600;457.6
9104400;353.9
9115200;1014.9
9126000;380.3
9136800;905.1
9147600;543.0
9158400;0.0
9169200;0.0
9180000;610.2
9190800;449.5
9201600;799.3
9212400;461.7
9223200;1045.4
9234000;555.3
9244800;52.9
9255600;0.0
9266400;272.5
9277200;296.9
9288000;325.4
9298800;612.2
9309600;229.8
9320400;122.0
9331200;0.0
9342000;95.6
9352800;26.4
9363600;1033.2
9374400;689.5
9385200;1897.6
9396000;231.9
9406800;419.0
9417600;148.5
9428400;0.0
9439200;1059.7
9450000;339.7
9460800;734.2
9471600;705.8
9482400;351.9
9493200;296.9
9504000;256.3
9514800;26.4
9525600;825.8
9536400;840.0
9547200;244.1
9558000;854.2
9568800;528.8
9579600;840.0
9590400;0.0
9601200;0.0
9612000;504.4
9622800;612.2
9633600;1071.9
9644400;801.4
9655200;718.0
9666000;648.8
9676800;421.0
9687600;0.0
9698400;473.9
9709200;744.4
9720000;543.0
9730800;514.6
9741600;1002.7
9752400;366.1
9763200;0.0
9774000;0.0
9784800;553.2
9795600;555.3
9806400;406.8
9817200;270.5
9828000;205.4
9838800;2239.3
9849600;191.2
9860400;162.7
9871200;107.8
9882000;337.6
9892800;567.5
9903600;490.2
9914400;83.4
9925200;2428.5
9936000;0.0
9946800;189.2
9957600;176.9
9968400;1464.4
9979200;911.2
9990000;827.8
10000800;598.0
10011600;567.5
10022400;229.8
10033200;0.0
10044000;67.1
10054800;260.3
10065600;972.2
10076400;624.4
10087200;638.6
10098000;624.4
10108800;162.7
10119600;162.7
10130400;353.9
10141200;313.2
10152000;842.0
10162800;107.8
10173600;1169.5
10184400;380.3
10195200;0.0
10206000;14.2
10216800;138.3
10227600;986.4
10238400;136.3
10249200;459.7
10260000;559.3
10270800;813.6
10281600;258.3
10292400;0.0
10303200;313.2
10314000;492.2
10324800;301.0
10335600;988.5
10346400;231.9
10357200;148.5
10368000;0.0
10378800;54.9
10389600;638.6
10400400;705.8
10411200;461.7
10422000;272.5
10432800;215.6
10443600;378.3
10454400;272.5
10465200;0.0
10476000;284.7
10486800;528.8
10497600;174.9
10508400;583.7
10519200;296.9
10530000;258.3
10540800;0.0
10551600;69.2
10562400;14.2
10573200;421.0
10584000;528.8
10594800;191.2
10605600;978.3
10616400;557.3
10627200;244.1
10638000;0.0
10648800;124.1
10659600;488.1
10670400;475.9
10681200;406.8
10692000;581.7
10702800;774.9
10713600;349.8
10724400;162.7
10735200;541.0
10746000;174.9
10756800;284.7
10767600;337.6
10778400;543.0
10789200;744.4
10800000;0.0
10810800;0.0
10821600;516.6
10832400;339.7
10843200;327.5
10854000;473.9
10864800;909.1
10875600;909.1
10886400;435.3
10897200;0.0
10908000;447.5
10918800;978.3
10929600;1232.5
10940400;545.1
10951200;272.5
10962000;366.1
10972800;0.0
10983600;81.4
10994400;665.1
11005200;404.7
11016000;543.0
11026800;272.5
11037600;746.4
11048400;583.7
11059200;122.0
11070000;0.0
11080800;447.5
11091600;419.0
11102400;760.7
11113200;703.7
11124000;258.3
11134800;327.5
11145600;0.0
11156400;366.1
11167200;54.9
11178000;1195.9
11188800;691.5
11199600;164.7
11210400;229.8
11221200;313.2
11232000;40.7
11242800;0.0
11253600;268.5
11264400;595.9
11275200;878.6
11286000;557.3
11296800;435.3
11307600;339.7
11318400;203.4
11329200;0.0
11340000;351.9
11350800;2522.0
11361600;2332.9
11372400;473.9
11383200;258.3
11394000;516.6
11404800;0.0
11415600;162.7
11426400;610.2
11437200;2833.2
11448000;339.7
11458800;650.8
11469600;421.0
11480400;325.4
11491200;191.2
11502000;0.0
11512800;296.9
11523600;270.5
11534400;475.9
11545200;1275.2
11556000;392.5
11566800;231.9
11577600;0.0
11588400;0.0
11599200;449.5
11610000;516.6
11620800;555.3
11631600;433.2
11642400;473.9
11653200;679.3
11664000;122.0
11674800;0.0
11685600;28.5
11696400;382.4
11707200;258.3
11718000;581.7
11728800;134.2
11739600;636.6
11750400;0.0
11761200;258.3
11772000;0.0
11782800;419.0
11793600;475.9
11804400;691.5
11815200;392.5
11826000;746.4
11836800;244.1
11847600;0.0
11858400;514.6
11869200;419.0
11880000;339.7
11890800;742.4
11901600;203.4
11912400;433.2
11923200;26.4
11934000;0.0
11944800;461.7
11955600;435.3
11966400;555.3
11977200;272.5
11988000;539.0
11998800;272.5
12009600;0.0
12020400;14.2
12031200;311.2
12042000;296.9
12052800;325.4
12063600;404.7
12074400;583.7
12085200;502.4
12096000;595.9
12106800;0.0
12117600;433.2
12128400;840.0
12139200;339.7
12150000;134.2
12160800;179.0
12171600;461.7
12182400;0.0
12193200;26.4
12204000;553.2
12214800;528.8
12225600;679.3
12236400;364.1
12247200;1139.0
12258000;451.5
12268800;366.1
12279600;26.4
12290400;325.4
12301200;282.7
12312000;990.5
12322800;557.3
12333600;406.8
12344400;42.7
12355200;0.0
12366000;26.4
12376800;0.0
12387600;514.6
12398400;299.0
12409200;378.3
12420000;720.0
12430800;423.0
12441600;52.9
12452400;0.0
12463200;244.1
12474000;787.1
12484800;463.7
12495600;1004.7
12506400;892.9
12517200;543.0
12528000;244.1
12538800;107.8
12549600;598.0
12560400;813.6
12571200;486.1
12582000;107.8
12592800;339.7
12603600;380.3
12614400;0.0
12625200;0.0
12636000;541.0
12646800;459.7
12657600;1330.2
12668400;949.8
12679200;541.0
12690000;258.3
12700800;217.6
12711600;0.0
12722400;394.6
12733200;313.2
12744000;296.9
12754800;2633.9
12765600;1027.1
12776400;353.9
12787200;0.0
12798000;0.0
12808800;406.8
12819600;543.0
12830400;366.1
12841200;176.9
12852000;473.9
12862800;447.5
12873600;40.7
12884400;14.2
12895200;81.4
12906000;728.1
12916800;583.7
12927600;461.7
12938400;378.3
12949200;693.6
12960000;0.0
12970800;54.9
12981600;0.0
12992400;608.1
13003200;4608.8
13014000;1059.7
13024800;366.1
13035600;921.4
13046400;95.6
13057200;0.0
13068000;488.1
13078800;838.0
13089600;459.7
13100400;1031.2
13111200;406.8
13122000;528.8
13132800;162.7
13143600;0.0
13154400;1533.6
13165200;488.1
13176000;720.0
13186800;598.0
13197600;246.1
13208400;718.0
13219200;0.0
13230000;14.2
13240800;530.8
13251600;270.5
13262400;530.8
13273200;351.9
13284000;459.7
13294800;530.8
13305600;162.7
13316400;0.0
13327200;693.6
13338000;433.2
13348800;461.7
13359600;473.9
13370400;1110.5
13381200;353.9
13392000;0.0
13402800;0.0
13413600;368.1
13424400;301.0
13435200;392.5
13446000;557.3
13456800;337.6
13467600;1625.1
13478400;189.2
13489200;26.4
13500000;272.5
13510800;528.8
13521600;868.5
13532400;473.9
13543200;69.2
13554000;244.1
13564800;0.0
13575600;28.5
13586400;0.0
13597200;718.0
13608000;827.8
13618800;311.2
13629600;244.1
13640400;174.9
13651200;502.4
13662000;0.0
13672800;67.1
13683600;323.4
13694400;2170.2
13705200;1153.2
13716000;514.6
13726800;339.7
13737600;327.5
13748400;0.0
13759200;734.2
13770000;947.8
13780800;449.5
13791600;42.7
13802400;500.3
13813200;272.5
13824000;0.0
13834800;69.2
13845600;67.1
13856400;380.3
13867200;447.5
13878000;406.8
13888800;595.9
13899600;433.2
13910400;120.0
13921200;0.0
13932000;490.2
13942800;732.2
13953600;201.4
13964400;392.5
13975200;270.5
13986000;309.2
13996800;0.0
14007600;0.0
14018400;2928.8
14029200;311.2
14040000;376.3
14050800;136.3
14061600;514.6
14072400;500.3
14083200;81.4
14094000;0.0
14104800;162.7
14115600;353.9
14126400;732.2
14137200;351.9
14148000;284.7
14158800;54.9
14169600;0.0
14180400;40.7
14191200;14.2
14202000;679.3
14212800;327.5
14223600;746.4
14234400;545.1
14245200;840.0
14256000;366.1
14266800;0.0
14277600;217.6
14288400;205.4
14299200;351.9
14310000;2330.8
14320800;445.4
14331600;691.5
14342400;26.4
14353200;0.0
14364000;189.2
14374800;205.4
14385600;368.1
14396400;203.4
14407200;1261.0
14418000;392.5
14428800;0.0
14439600;14.2
14450400;380.3
14461200;720.0
14472000;748.5
14482800;530.8
14493600;1112.5
14504400;689.5
14515200;758.6
14526000;0.0
14536800;569.5
14547600;176.9
14558400;475.9
14569200;640.7
14580000;600.0
14590800;555.3
14601600;0.0
14612400;26.4
14623200;1383.0
14634000;799.3
14644800;380.3
14655600;543.0
14666400;569.5
14677200;299.0
14688000;148.5
14698800;0.0
14709600;189.2
14720400;663.0
14731200;892.9
14742000;854.2
14752800;136.3
14763600;325.4
14774400;0.0
14785200;296.9
14796000;107.8
14806800;366.1
14817600;858.3
14828400;815.6
14839200;463.7
14850000;299.0
14860800;610.2
14871600;0.0
14882400;270.5
14893200;270.5
14904000;504.4
14914800;229.8
14925600;69.2
14936400;772.9
14947200;107.8
14958000;0.0
14968800;299.0
14979600;951.9
14990400;256.3
15001200;246.1
15012000;284.7
15022800;514.6
15033600;0.0
15044400;0.0
15055200;461.7
15066000;233.9
15076800;746.4
15087600;217.6
15098400;720.0
15109200;500.3
15120000;608.1
15130800;0.0
15141600;459.7
15152400;380.3
15163200;1029.1
15174000;189.2
15184800;571.5
15195600;81.4
15206400;0.0
15217200;162.7
15228000;461.7
15238800;380.3
15249600;325.4
15260400;229.8
15271200;569.5
15282000;500.3
15292800;162.7
15303600;162.7
15314400;191.2
15325200;502.4
15336000;516.6
15346800;217.6
15357600;191.2
15368400;134.2
15379200;0.0
15390000;81.4
15400800;14.2
15411600;569.5
15422400;610.2
15433200;215.6
15444000;449.5
15454800;691.5
15465600;81.4
15476400;0.0
15487200;286.8
15498000;366.1
15508800;583.7
15519600;244.1
15530400;1584.4
15541200;608.1
15552000;174.9
15562800;189.2
15573600;231.9
15584400;949.8
15595200;473.9
15606000;205.4
15616800;311.2
15627600;488.1
15638400;0.0
15649200;26.4
15660000;528.8
15670800;231.9
15681600;907.1
15692400;569.5
15703200;1464.4
15714000;473.9
15724800;162.7
15735600;0.0
15746400;473.9
15757200;675.3
15768000;69.2
15778800;598.0
15789600;459.7
15800400;215.6
15811200;0.0
15822000;0.0
15832800;964.1
15843600;774.9
15854400;299.0
15865200;256.3
15876000;382.4
15886800;406.8
15897600;231.9
15908400;162.7
15919200;392.5
15930000;473.9
15940800;718.0
15951600;404.7
15962400;461.7
15973200;392.5
15984000;0.0
15994800;189.2
16005600;176.9
16016400;378.3
16027200;475.9
16038000;612.2
16048800;189.2
16059600;581.7
16070400;408.8
16081200;0.0
16092000;79.3
16102800;79.3
16113600;514.6
16124400;191.2
16135200;581.7
16146000;551.2
16156800;272.5
16167600;26.4
16178400;270.5
16189200;284.7
16200000;791.2
16210800;962.0
16221600;311.2
16232400;1195.9
16243200;0.0
16254000;0.0
16264800;272.5
16275600;514.6
16286400;486.1
16297200;256.3
16308000;416.9
16318800;951.9
16329600;543.0
16340400;0.0
16351200;530.8
16362000;473.9
16372800;364.1
16383600;593.9
16394400;1356.6
16405200;325.4
16416000;0.0
16426800;26.4
16437600;299.0
16448400;768.8
16459200;164.7
16470000;282.7
16480800;579.7
16491600;311.2
16502400;148.5
16513200;14.2
16524000;203.4
16534800;569.5
16545600;600.0
16556400;337.6
16567200;231.9
16578000;136.3
16588800;0.0
16599600;14.2
16610400;109.8
16621200;1114.6
16632000;215.6
16642800;203.4
16653600;447.5
16664400;543.0
16675200;431.2
16686000;0.0
16696800;284.7
16707600;1195.9
16718400;268.5
16729200;1043.4
16740000;475.9
16750800;567.5
16761600;148.5
16772400;0.0
16783200;937.6
16794000;598.0
16804800;1059.7
16815600;473.9
16826400;612.2
16837200;258.3
16848000;0.0
16858800;122.0
16869600;244.1
16880400;528.8
16891200;884.7
16902000;327.5
16912800;382.4
16923600;799.3
16934400;447.5
16945200;0.0
16956000;215.6
16966800;1002.7
16977600;475.9
16988400;327.5
16999200;337.6
17010000;473.9
17020800;0.0
17031600;325.4
17042400;2208.8
17053200;541.0
17064000;256.3
17074800;256.3
17085600;707.8
17096400;1385.1
17107200;189.2
17118000;0.0
17128800;351.9
17139600;435.3
17150400;433.2
17161200;189.2
17172000;299.0
17182800;516.6
17193600;0.0
17204400;26.4
17215200;26.4
17226000;624.4
17236800;1124.7
17247600;1110.5
17258400;473.9
17269200;691.5
17280000;109.8
17290800;0.0
17301600;311.2
17312400;272.5
17323200;1027.1
17334000;530.8
17344800;650.8
17355600;217.6
17366400;136.3
17377200;81.4
17388000;636.6
17398800;1031.2
17409600;244.1
17420400;311.2
17431200;760.7
17442000;933.6
17452800;0.0
17463600;0.0
17474400;339.7
17485200;648.8
17496000;500.3
17506800;54.9
17517600;473.9
17528400;514.6
17539200;339.7
17550000;0.0
17560800;284.7
17571600;878.6
17582400;571.5
17593200;730.2
17604000;231.9
17614800;921.4
17625600;0.0
17636400;81.4
17647200;748.5
17658000;242.0
17668800;341.7
17679600;351.9
17690400;3160.7
17701200;272.5
17712000;284.7
17722800;162.7
17733600;191.2
17744400;500.3
17755200;827.8
17766000;148.5
17776800;353.9
17787600;107.8
17798400;0.0
17809200;26.4
17820000;189.2
17830800;364.1
17841600;760.7
17852400;555.3
17863200;2904.4
17874000;555.3
17884800;28.5
17895600;0.0
17906400;176.9
17917200;528.8
17928000;174.9
17938800;382.4
17949600;272.5
17960400;349.8
17971200;189.2
17982000;162.7
17992800;669.1
18003600;732.2
18014400;433.2
18025200;404.7
18036000;419.0
18046800;787.1
18057600;0.0
18068400;40.7
18079200;296.9
18090000;949.8
18100800;506.4
18111600;1315.9
18122400;380.3
18133200;610.2
18144000;353.9
18154800;0.0
18165600;622.4
18176400;404.7
18187200;2343.0
18198000;598.0
18208800;408.8
18219600;282.7
18230400;0.0
18241200;0.0
18252000;530.8
18262800;1100.3
18273600;382.4
18284400;54.9
18295200;553.2
18306000;1301.7
18316800;244.1
18327600;0.0
18338400;677.3
18349200;516.6
18360000;569.5
18370800;579.7
18381600;366.1
18392400;296.9
18403200;0.0
18414000;421.0
18424800;95.6
18435600;423.0
18446400;500.3
18457200;274.6
18468000;624.4
18478800;516.6
18489600;394.6
18500400;0.0
18511200;620.3
18522000;270.5
18532800;502.4
18543600;109.8
18554400;435.3
18565200;854.2
18576000;191.2
18586800;67.1
18597600;337.6
18608400;514.6
18619200;325.4
18630000;638.6
18640800;571.5
18651600;569.5
18662400;0.0
18673200;81.4
18684000;447.5
18694800;299.0
18705600;1261.0
18716400;703.7
18727200;650.8
18738000;488.1
18748800;54.9
18759600;0.0
18770400;270.5
18781200;1287.5
18792000;923.4
18802800;2467.1
18813600;569.5
18824400;648.8
18835200;0.0
18846000;40.7
18856800;569.5
18867600;364.1
18878400;150.5
18889200;447.5
18900000;636.6
18910800;296.9
18921600;162.7
18932400;0.0
18943200;353.9
18954000;581.7
18964800;992.5
18975600;650.8
18986400;394.6
18997200;541.0
19008000;0.0
19018800;176.9
19029600;95.6
19040400;543.0
19051200;1059.7
19062000;557.3
19072800;327.5
19083600;313.2
19094400;136.3
19105200;0.0
19116000;162.7
19126800;787.1
19137600;201.4
19148400;593.9
19159200;1600.7
19170000;475.9
19180800;54.9
19191600;54.9
19202400;229.8
19213200;217.6
19224000;1423.7
19234800;988.5
19245600;463.7
19256400;392.5
19267200;0.0
19278000;81.4
19288800;176.9
19299600;825.8
19310400;199.3
19321200;378.3
19332000;1287.5
19342800;421.0
19353600;349.8
19364400;0.0
19375200;217.6
19386000;339.7
19396800;907.1
19407600;990.5
19418400;581.7
19429200;530.8
19440000;0.0
19450800;14.2
19461600;638.6
19472400;437.3
19483200;774.9
19494000;543.0
19504800;313.2
19515600;772.9
19526400;176.9
19537200;0.0
19548000;624.4
19558800;174.9
19569600;555.3
19580400;691.5
19591200;351.9
19602000;270.5
19612800;0.0
19623600;176.9
19634400;14.2
19645200;933.6
19656000;1259.0
19666800;463.7
19677600;390.5
19688400;850.2
19699200;124.1
19710000;0.0
19720800;461.7
19731600;380.3
19742400;3118.0
19753200;691.5
19764000;598.0
19774800;282.7
19785600;406.8
19796400;81.4
19807200;571.5
19818000;284.7
19828800;677.3
19839600;504.4
19850400;282.7
19861200;392.5
19872000;0.0
19882800;14.2
19893600;176.9
19904400;919.3
19915200;404.7
19926000;937.6
19936800;339.7
19947600;299.0
19958400;93.6
19969200;0.0
19980000;203.4
19990800;526.8
20001600;299.0
20012400;435.3
20023200;461.7
20034000;514.6
20044800;0.0
20055600;14.2
20066400;471.9
20077200;638.6
20088000;392.5
20098800;555.3
20109600;309.2
20120400;435.3
20131200;122.0
20142000;81.4
20152800;54.9
20163600;502.4
20174400;528.8
20185200;557.3
20196000;189.2
20206800;81.4
20217600;0.0
20228400;122.0
20239200;0.0
20250000;148.5
20260800;421.0
20271600;1073.9
20282400;351.9
20293200;433.2
20304000;528.8
20314800;0.0
20325600;296.9
20336400;394.6
20347200;339.7
20358000;581.7
20368800;327.5
20379600;679.3
20390400;244.1
20401200;0.0
20412000;341.7
20422800;1328.1
20433600;270.5
20444400;2452.9
20455200;545.1
20466000;260.3
20476800;0.0
20487600;14.2
20498400;148.5
20509200;1413.6
20520000;392.5
20530800;1342.4
20541600;567.5
20552400;490.2
20563200;189.2
20574000;0.0
20584800;343.7
20595600;718.0
20606400;449.5
20617200;612.2
20628000;272.5
20638800;500.3
20649600;0.0
20660400;26.4
20671200;435.3
20682000;1071.9
20692800;341.7
20703600;242.0
20714400;555.3
20725200;366.1
20736000;421.0
20746800;81.4
20757600;1019.0
20768400;339.7
20779200;313.2
20790000;433.2
20800800;368.1
20811600;1045.4
20822400;0.0
20833200;270.5
20844000;122.0
20854800;878.6
20865600;447.5
20876400;583.7
20887200;1600.7
20898000;189.2
20908800;284.7
20919600;0.0
20930400;380.3
20941200;665.1
20952000;543.0
20962800;732.2
20973600;502.4
20984400;892.9
20995200;229.8
21006000;0.0
21016800;217.6
21027600;406.8
21038400;1450.2
21049200;353.9
21060000;301.0
21070800;296.9
21081600;0.0
21092400;95.6
21103200;364.1
21114000;500.3
21124800;2766.1
21135600;136.3
21146400;911.2
21157200;514.6
21168000;246.1
21178800;0.0
21189600;313.2
21200400;2361.3
21211200;327.5
21222000;1340.3
21232800;174.9
21243600;242.0
21254400;0.0
21265200;0.0
21276000;512.5
21286800;756.6
21297600;256.3
21308400;339.7
21319200;353.9
21330000;339.7
21340800;421.0
21351600;26.4
21362400;42.7
21373200;595.9
21384000;189.2
21394800;758.6
21405600;219.7
21416400;109.8
21427200;0.0
21438000;162.7
21448800;0.0
21459600;514.6
21470400;539.0
21481200;337.6
21492000;557.3
21502800;502.4
21513600;42.7
21524400;0.0
21535200;624.4
21546000;406.8
21556800;368.1
21567600;665.1
21578400;486.1
21589200;825.8
21600000;349.8
21610800;14.2
21621600;339.7
21632400;514.6
21643200;176.9
21654000;648.8
21664800;231.9
21675600;353.9
21686400;0.0
21697200;0.0
21708000;392.5
21718800;189.2
21729600;990.5
21740400;502.4
21751200;272.5
21762000;203.4
21772800;162.7
21783600;0.0
21794400;449.5
21805200;376.3
21816000;299.0
21826800;150.5
21837600;734.2
21848400;634.6
21859200;0.0
21870000;14.2
21880800;2631.9
21891600;313.2
21902400;284.7
21913200;122.0
21924000;1112.5
21934800;921.4
21945600;176.9
21956400;162.7
21967200;134.2
21978000;260.3
21988800;720.0
21999600;557.3
22010400;40.7
22021200;231.9
22032000;0.0
22042800;95.6
22053600;0.0
22064400;150.5
22075200;475.9
22086000;1057.6
22096800;502.4
22107600;500.3
22118400;353.9
22129200;0.0
22140000;14.2
22150800;880.7
22161600;437.3
22172400;311.2
22183200;624.4
22194000;339.7
22204800;67.1
22215600;0.0
22226400;801.4
22237200;433.2
22248000;610.2
22258800;260.3
22269600;1084.1
22280400;256.3
22291200;0.0
22302000;26.4
22312800;189.2
22323600;595.9
22334400;734.2
22345200;392.5
22356000;459.7
22366800;364.1
22377600;174.9
22388400;0.0
22399200;311.2
22410000;435.3
22420800;193.2
22431600;408.8
22442400;665.1
22453200;205.4
22464000;0.0
22474800;81.4
22485600;416.9
22496400;313.2
22507200;122.0
22518000;335.6
22528800;624.4
22539600;364.1
22550400;282.7
22561200;0.0
22572000;189.2
22582800;378.3
22593600;978.3
22604400;353.9
22615200;95.6
22626000;164.7
22636800;0.0
22647600;26.4
22658400;0.0
22669200;919.3
22680000;785.1
22690800;366.1
22701600;353.9
22712400;392.5
22723200;231.9
22734000;0.0
22744800;313.2
22755600;406.8
22766400;459.7
22777200;650.8
22788000;715.9
22798800;270.5
22809600;52.9
22820400;54.9
22831200;974.2
22842000;760.7
22852800;799.3
22863600;2699.0
22874400;364.1
22885200;581.7
22896000;0.0
22906800;0.0
22917600;229.8
22928400;272.5
22939200;2318.6
22950000;541.0
22960800;569.5
22971600;162.7
22982400;598.0
22993200;0.0
23004000;138.3
23014800;419.0
23025600;1043.4
23036400;284.7
23047200;772.9
23058000;530.8
23068800;0.0
23079600;0.0
23090400;703.7
23101200;593.9
23112000;516.6
23122800;122.0
23133600;323.4
23144400;732.2
23155200;109.8
23166000;0.0
23176800;67.1
23187600;514.6
23198400;435.3
23209200;203.4
23220000;339.7
23230800;473.9
23241600;0.0
23252400;52.9
23263200;26.4
23274000;272.5
23284800;364.1
23295600;2074.6
23306400;335.6
23317200;502.4
23328000;122.0
23338800;0.0
23349600;351.9
23360400;447.5
23371200;419.0
23382000;286.8
23392800;600.0
23403600;471.9
23414400;445.4
23425200;0.0
23436000;311.2
23446800;366.1
23457600;715.9
23468400;270.5
23479200;229.8
23490000;785.1
23500800;0.0
23511600;14.2
23522400;325.4
23533200;475.9
23544000;246.1
23554800;514.6
23565600;282.7
23576400;368.1
23587200;136.3
23598000;0.0
23608800;406.8
23619600;1507.1
23630400;1220.3
23641200;296.9
23652000;95.6
23662800;244.1
23673600;0.0
23684400;0.0
23695200;638.6
23706000;718.0
23716800;636.6
23727600;284.7
23738400;404.7
23749200;258.3
23760000;176.9
23770800;0.0
23781600;274.6
23792400;244.1
23803200;1016.9
23814000;260.3
23824800;162.7
23835600;705.8
23846400;0.0
23857200;134.2
23868000;176.9
23878800;691.5
23889600;598.0
23900400;543.0
23911200;583.7
23922000;176.9
23932800;148.5
23943600;0.0
23954400;366.1
23965200;516.6
23976000;473.9
23986800;801.4
23997600;323.4
24008400;246.1
24019200;107.8
24030000;0.0
24040800;516.6
24051600;1195.9
24062400;2247.4
24073200;553.2
24084000;569.5
24094800;663.0
24105600;0.0
24116400;0.0
24127200;351.9
24138000;787.1
24148800;787.1
24159600;256.3
24170400;868.5
24181200;256.3
24192000;366.1
24202800;0.0
24213600;315.3
24224400;825.8
24235200;1002.7
24246000;461.7
24256800;353.9
24267600;351.9
24278400;0.0
24289200;0.0
24300000;679.3
24310800;270.5
24321600;325.4
24332400;447.5
24343200;650.8
24354000;894.9
24364800;258.3
24375600;0.0
24386400;191.2
24397200;323.4
24408000;610.2
24418800;435.3
24429600;14.2
24440400;543.0
24451200;0.0
24462000;134.2
24472800;14.2
24483600;1236.6
24494400;3118.0
24505200;2170.2
24516000;351.9
24526800;772.9
24537600;95.6
24548400;0.0
24559200;203.4
24570000;2520.0
24580800;3213.5
24591600;83.4
24602400;201.4
24613200;435.3
24624000;95.6
24634800;14.2
24645600;665.1
24656400;339.7
24667200;528.8
24678000;461.7
24688800;2524.1
24699600;215.6
24710400;0.0
24721200;122.0
24732000;215.6
24742800;2981.7
24753600;2265.8
24764400;598.0
24775200;349.8
24786000;488.1
24796800;282.7
24807600;0.0
24818400;473.9
24829200;703.7
24840000;445.4
24850800;461.7
24861600;624.4
24872400;390.5
24883200;0.0
24894000;81.4
24904800;392.5
24915600;571.5
24926400;203.4
24937200;187.1
24948000;421.0
24958800;703.7
24969600;136.3
24980400;14.2
24991200;124.1
25002000;650.8
25012800;892.9
25023600;473.9
25034400;610.2
25045200;854.2
25056000;0.0
25066800;148.5
25077600;0.0
25088400;693.6
25099200;488.1
25110000;274.6
25120800;309.2
25131600;270.5
25142400;54.9
25153200;0.0
25164000;595.9
25174800;962.0
25185600;636.6
25196400;406.8
25207200;1004.7
25218000;758.6
25228800;296.9
25239600;0.0
25250400;593.9
25261200;801.4
25272000;392.5
25282800;260.3
25293600;463.7
25304400;815.6
25315200;0.0
25326000;0.0
25336800;311.2
25347600;231.9
25358400;555.3
25369200;803.4
25380000;351.9
25390800;785.1
25401600;258.3
25412400;0.0
25423200;610.2
25434000;854.2
25444800;636.6
25455600;203.4
25466400;447.5
25477200;652.9
25488000;0.0
25498800;14.2
25509600;803.4
25520400;598.0
25531200;353.9
25542000;366.1
25552800;583.7
25563600;581.7
25574400;244.1
25585200;0.0
25596000;109.8
25606800;502.4
25617600;785.1
25628400;325.4
25639200;150.5
25650000;447.5
25660800;0.0
25671600;54.9
25682400;81.4
25693200;270.5
25704000;502.4
25714800;431.2
25725600;447.5
25736400;392.5
25747200;378.3
25758000;0.0
25768800;311.2
25779600;394.6
25790400;349.8
25801200;311.2
25812000;652.9
25822800;217.6
25833600;162.7
25844400;14.2
25855200;2548.5
25866000;1210.2
25876800;598.0
25887600;136.3
25898400;608.1
25909200;353.9
25920000;0.0
25930800;26.4
25941600;351.9
25952400;325.4
25963200;201.4
25974000;827.8
25984800;299.0
25995600;595.9
26006400;459.7
26017200;0.0
26028000;81.4
26038800;1088.1
26049600;638.6
26060400;433.2
26071200;646.8
26082000;313.2
26092800;0.0
26103600;14.2
26114400;691.5
26125200;366.1
26136000;473.9
26146800;270.5
26157600;650.8
26168400;502.4
26179200;231.9
26190000;0.0
26200800;435.3
26211600;758.6
26222400;581.7
26233200;774.9
26244000;595.9
26254800;502.4
26265600;0.0
26276400;203.4
26287200;189.2
26298000;311.2
26308800;380.3
26319600;677.3
26330400;339.7
26341200;679.3
26352000;107.8
26362800;0.0
26373600;215.6
26384400;907.1
26395200;221.7
26406000;351.9
26416800;473.9
26427600;703.7
26438400;217.6
26449200;14.2
26460000;299.0
26470800;610.2
26481600;516.6
26492400;203.4
26503200;2196.6
26514000;203.4
26524800;0.0
26535600;40.7
26546400;459.7
26557200;545.1
26568000;679.3
26578800;720.0
26589600;368.1
26600400;256.3
26611200;120.0
26622000;0.0
26632800;231.9
26643600;296.9
26654400;421.0
26665200;813.6
26676000;882.7
26686800;543.0
26697600;0.0
26708400;0.0
26719200;378.3
26730000;296.9
26740800;421.0
26751600;514.6
26762400;339.7
26773200;447.5
26784000;189.2
26794800;95.6
26805600;380.3
26816400;514.6
26827200;705.8
26838000;419.0
26848800;69.2
26859600;136.3
26870400;0.0
26881200;67.1
26892000;2290.2
26902800;557.3
26913600;1248.8
26924400;435.3
26935200;581.7
26946000;191.2
26956800;311.2
26967600;0.0
26978400;516.6
26989200;921.4
27000000;2548.5
27010800;500.3
27021600;1112.5
27032400;762.7
27043200;28.5
27054000;122.0
27064800;2536.3
27075600;813.6
27086400;203.4
27097200;693.6
27108000;299.0
27118800;366.1
27129600;0.0
27140400;0.0
27151200;176.9
27162000;583.7
27172800;1084.1
27183600;813.6
27194400;718.0
27205200;313.2
27216000;176.9
27226800;0.0
27237600;718.0
27248400;419.0
27259200;665.1
27270000;1086.1
27280800;528.8
27291600;353.9
27302400;0.0
27313200;0.0
27324000;1655.6
27334800;2699.0
27345600;622.4
27356400;746.4
27367200;416.9
27378000;394.6
27388800;555.3
27399600;0.0
27410400;392.5
27421200;530.8
27432000;256.3
27442800;583.7
27453600;366.1
27464400;461.7
27475200;0.0
27486000;189.2
27496800;26.4
27507600;815.6
27518400;189.2
27529200;435.3
27540000;339.7
27550800;498.3
27561600;176.9
27572400;0.0
27583200;176.9
27594000;935.6
27604800;1043.4
27615600;366.1
27626400;652.9
27637200;838.0
27648000;435.3
27658800;0.0
27669600;772.9
27680400;1059.7
27691200;691.5
27702000;408.8
27712800;248.1
27723600;392.5
27734400;0.0
27745200;26.4
27756000;366.1
27766800;179.0
27777600;648.8
27788400;2548.5
27799200;555.3
27810000;528.8
27820800;81.4
27831600;0.0
27842400;486.1
27853200;947.8
27864000;378.3
27874800;231.9
27885600;528.8
27896400;282.7
27907200;0.0
27918000;0.0
27928800;677.3
27939600;162.7
27950400;189.2
27961200;421.0
27972000;634.6
27982800;892.9
27993600;461.7
28004400;0.0
28015200;406.8
28026000;809.5
28036800;272.5
28047600;514.6
28058400;693.6
28069200;270.5
28080000;0.0
28090800;176.9
28101600;14.2
28112400;1163.4
28123200;473.9
28134000;311.2
28144800;406.8
28155600;323.4
28166400;244.1
28177200;0.0
28188000;203.4
28198800;937.6
28209600;3335.6
28220400;179.0
28231200;1112.5
28242000;351.9
28252800;528.8
28263600;162.7
28274400;760.7
28285200;296.9
28296000;1275.2
28306800;461.7
28317600;557.3
28328400;504.4
28339200;0.0
28350000;0.0
28360800;150.5
28371600;1004.7
28382400;392.5
28393200;663.0
28404000;473.9
28414800;543.0
28425600;380.3
28436400;0.0
28447200;122.0
28458000;1057.6
28468800;406.8
28479600;748.5
28490400;636.6
28501200;148.5
28512000;0.0
28522800;14.2
28533600;516.6
28544400;598.0
28555200;95.6
28566000;109.8
28576800;612.2
28587600;2562.7
28598400;229.8
28609200;26.4
28620000;134.2
28630800;419.0
28641600;325.4
28652400;229.8
28663200;134.2
28674000;203.4
28684800;0.0
28695600;0.0
28706400;26.4
28717200;772.9
28728000;256.3
28738800;705.8
28749600;1153.2
28760400;675.3
28771200;95.6
28782000;0.0
28792800;201.4
28803600;720.0
28814400;681.4
28825200;380.3
28836000;284.7
28846800;636.6
28857600;284.7
28868400;14.2
28879200;461.7
28890000;502.4
28900800;392.5
28911600;2819.0
28922400;286.8
28933200;461.7
28944000;0.0
28954800;0.0
28965600;270.5
28976400;937.6
28987200;789.1
28998000;478.0
29008800;404.7
29019600;663.0
29030400;148.5
29041200;0.0
29052000;286.8
29062800;1086.1
29073600;179.0
29084400;368.1
29095200;353.9
29106000;148.5
29116800;0.0
29127600;81.4
29138400;608.1
29149200;734.2
29160000;313.2
29170800;459.7
29181600;203.4
29192400;421.0
29203200;203.4
29214000;14.2
29224800;189.2
29235600;612.2
29246400;284.7
29257200;665.1
29268000;447.5
29278800;313.2
29289600;0.0
29300400;54.9
29311200;52.9
29322000;1086.1
29332800;732.2
29343600;622.4
29354400;376.3
29365200;756.6
29376000;107.8
29386800;0.0
29397600;284.7
29408400;732.2
29419200;923.4
29430000;543.0
29440800;148.5
29451600;541.0
29462400;284.7
29473200;81.4
29484000;947.8
29494800;461.7
29505600;718.0
29516400;610.2
29527200;976.3
29538000;146.4
29548800;0.0
29559600;26.4
29570400;189.2
29581200;815.6
29592000;406.8
29602800;256.3
29613600;677.3
29624400;272.5
29635200;189.2
29646000;0.0
29656800;978.3
29667600;557.3
29678400;543.0
29689200;447.5
29700000;612.2
29710800;447.5
29721600;0.0
29732400;0.0
29743200;339.7
29754000;406.8
29764800;217.6
29775600;268.5
29786400;435.3
29797200;608.1
29808000;54.9
29818800;26.4
29829600;421.0
29840400;299.0
29851200;258.3
29862000;419.0
29872800;530.8
29883600;284.7
29894400;0.0
29905200;176.9
29916000;0.0
29926800;380.3
29937600;258.3
29948400;421.0
29959200;553.2
29970000;1179.7
29980800;14.2
29991600;0.0
30002400;162.7
30013200;313.2
30024000;394.6
30034800;569.5
30045600;124.1
30056400;435.3
30067200;380.3
30078000;189.2
30088800;408.8
30099600;1124.7
30110400;1667.8
30121200;406.8
30132000;675.3
30142800;435.3
30153600;0.0
30164400;0.0
30175200;229.8
30186000;583.7
30196800;449.5
30207600;557.3
30218400;1053.6
30229200;610.2
30240000;189.2
30250800;0.0
30261600;543.0
30272400;1273.2
30283200;610.2
30294000;665.1
30304800;2520.0
30315600;162.7
30326400;0.0
30337200;0.0
30348000;408.8
30358800;809.5
30369600;233.9
30380400;286.8
30391200;351.9
30402000;689.5
30412800;258.3
30423600;0.0
30434400;54.9
30445200;148.5
30456000;760.7
30466800;720.0
30477600;256.3
30488400;122.0
30499200;0.0
30510000;176.9
30520800;0.0
30531600;272.5
30542400;421.0
30553200;2878.0
30564000;423.0
30574800;638.6
30585600;174.9
30596400;0.0
30607200;136.3
30618000;2412.2
30628800;392.5
30639600;528.8
30650400;593.9
30661200;421.0
30672000;28.5
30682800;14.2
30693600;433.2
30704400;473.9
30715200;299.0
30726000;624.4
30736800;282.7
30747600;286.8
30758400;0.0
30769200;14.2
30780000;231.9
30790800;299.0
30801600;732.2
30812400;718.0
30823200;679.3
30834000;543.0
30844800;81.4
30855600;0.0
30866400;231.9
30877200;504.4
30888000;748.5
30898800;746.4
30909600;555.3
30920400;502.4
30931200;0.0
30942000;26.4
30952800;40.7
30963600;813.6
30974400;638.6
30985200;284.7
30996000;327.5
31006800;705.8
31017600;40.7
31028400;162.7
31039200;244.1
31050000;746.4
31060800;445.4
31071600;368.1
31082400;366.1
31093200;598.0
31104000;0.0
31114800;81.4
31125600;0.0
31136400;1000.7
31147200;447.5
31158000;378.3
31168800;595.9
31179600;514.6
31190400;95.6
31201200;0.0
31212000;107.8
31222800;880.7
31233600;339.7
31244400;461.7
31255200;514.6
31266000;811.5
31276800;54.9
31287600;0.0
31298400;1100.3
31309200;486.1
31320000;2658.3
31330800;569.5
31341600;663.0
31352400;272.5
31363200;0.0
31374000;0.0
31384800;337.6
31395600;774.9
31406400;595.9
31417200;598.0
31428000;758.6
31438800;296.9
31449600;473.9
31460400;0.0
31471200;447.5
31482000;313.2
31492800;390.5
31503600;2442.7
31514400;1206.1
31525200;191.2
