#1
double data(2920, 2)
0;270.5
10800;0.0
21600;311.2
32400;1073.9
43200;933.6
54000;244.1
64800;311.2
75600;313.2
86400;0.0
97200;0.0
108000;622.4
118800;408.8
129600;191.2
140400;258.3
151200;337.6
162000;366.1
172800;107.8
183600;162.7
194400;95.6
205200;935.6
216000;600.0
226800;571.5
237600;122.0
248400;624.4
259200;0.0
270000;14.2
280800;176.9
291600;203.4
302400;325.4
313200;667.1
324000;2576.9
334800;449.5
345600;40.7
356400;0.0
367200;95.6
378000;475.9
388800;231.9
399600;569.5
410400;256.3
421200;789.1
432000;0.0
442800;14.2
453600;691.5
464400;528.8
475200;215.6
486000;392.5
496800;176.9
507600;1139.0
518400;0.0
529200;81.4
540000;585.8
550800;136.3
561600;504.4
572400;705.8
583200;2943.0
594000;390.5
604800;502.4
615600;0.0
626400;301.0
637200;543.0
648000;256.3
658800;406.8
669600;339.7
680400;205.4
691200;0.0
702000;0.0
712800;475.9
723600;500.3
734400;650.8
745200;136.3
756000;718.0
766800;378.3
777600;244.1
788400;0.0
799200;1098.3
810000;390.5
820800;2347.1
831600;516.6
842400;215.6
853200;138.3
864000;0.0
874800;83.4
885600;176.9
896400;626.4
907200;2400.0
918000;176.9
928800;351.9
939600;353.9
950400;164.7
961200;0.0
972000;95.6
982800;459.7
993600;327.5
1004400;349.8
1015200;231.9
1026000;323.4
1036800;0.0
1047600;0.0
1058400;431.2
1069200;799.3
1080000;528.8
1090800;272.5
1101600;679.3
1112400;187.1
1123200;0.0
1134000;0.0
1144800;136.3
1155600;514.6
1166400;665.1
1177200;962.0
1188000;282.7
1198800;840.0
1209600;107.8
1220400;0.0
1231200;296.9
1242000;231.9
1252800;500.3
1263600;801.4
1274400;691.5
1285200;148.5
1296000;0.0
1306800;14.2
1317600;1126.8
1328400;404.7
1339200;502.4
1350000;162.7
1360800;986.4
1371600;870.5
1382400;215.6
1393200;40.7
1404000;231.9
1414800;286.8
1425600;392.5
1436400;419.0
1447200;189.2
1458000;541.0
1468800;0.0
1479600;203.4
1490400;40.7
1501200;703.7
1512000;705.8
1522800;762.7
1533600;231.9
1544400;555.3
1555200;67.1
1566000;0.0
1576800;191.2
1587600;447.5
1598400;553.2
1609200;459.7
1620000;882.7
1630800;2332.9
1641600;0.0
1652400;0.0
1663200;691.5
1674000;404.7
1684800;176.9
1695600;136.3
1706400;760.7
1717200;272.5
1728000;0.0
1738800;0.0
1749600;380.3
1760400;569.5
1771200;1328.1
1782000;1600.7
1792800;681.4
1803600;1057.6
1814400;217.6
1825200;0.0
1836000;1153.2
1846800;1002.7
1857600;2456.9
1868400;433.2
1879200;909.1
1890000;246.1
1900800;0.0
1911600;81.4
1922400;514.6
1933200;500.3
1944000;311.2
1954800;203.4
1965600;734.2
1976400;502.4
1987200;42.7
1998000;14.2
2008800;217.6
2019600;366.1
2030400;408.8
2041200;435.3
2052000;150.5
2062800;270.5
2073600;0.0
2084400;339.7
2095200;0.0
2106000;1098.3
2116800;583.7
2127600;473.9
2138400;516.6
2149200;449.5
2160000;339.7
2170800;0.0
2181600;339.7
2192400;229.8
2203200;502.4
2214000;445.4
2224800;296.9
2235600;919.3
2246400;81.4
2257200;14.2
2268000;799.3
2278800;707.8
2289600;201.4
2300400;339.7
2311200;339.7
2322000;42.7
2332800;0.0
2343600;0.0
2354400;626.4
2365200;433.2
2376000;447.5
2386800;205.4
2397600;1411.5
2408400;583.7
2419200;148.5
2430000;0.0
2440800;1519.3
2451600;3618.3
2462400;2481.3
2473200;827.8
2484000;378.3
2494800;124.1
2505600;0.0
2516400;14.2
2527200;1490.8
2538000;652.9
2548800;341.7
2559600;461.7
2570400;911.2
2581200;421.0
2592000;205.4
2602800;0.0
2613600;256.3
2624400;516.6
2635200;921.4
2646000;665.1
2656800;272.5
2667600;270.5
2678400;0.0
2689200;67.1
2700000;813.6
2710800;1777.6
2721600;327.5
2732400;461.7
2743200;622.4
2754000;882.7
2764800;203.4
2775600;0.0
2786400;433.2
2797200;136.3
2808000;1057.6
2818800;219.7
2829600;797.3
2840400;870.5
2851200;26.4
2862000;176.9
2872800;435.3
2883600;947.8
2894400;392.5
2905200;555.3
2916000;205.4
2926800;571.5
2937600;0.0
2948400;0.0
2959200;240.0
2970000;309.2
2980800;1696.3
2991600;2617.6
3002400;557.3
3013200;909.1
3024000;229.8
3034800;0.0
3045600;475.9
3056400;567.5
3067200;799.3
3078000;1191.9
3088800;638.6
3099600;176.9
3110400;0.0
3121200;14.2
3132000;174.9
3142800;392.5
3153600;353.9
3164400;311.2
3175200;461.7
3186000;325.4
3196800;189.2
3207600;81.4
3218400;26.4
3229200;746.4
3240000;571.5
3250800;244.1
3261600;26.4
3272400;272.5
3283200;0.0
3294000;67.1
3304800;0.0
3315600;286.8
3326400;421.0
3337200;695.6
3348000;193.2
3358800;801.4
3369600;191.2
3380400;0.0
3391200;122.0
3402000;67.1
3412800;665.1
3423600;136.3
3434400;504.4
3445200;856.3
3456000;0.0
3466800;0.0
3477600;622.4
3488400;447.5
3499200;122.0
3510000;311.2
3520800;543.0
3531600;799.3
3542400;0.0
3553200;81.4
3564000;219.7
3574800;392.5
3585600;827.8
3596400;296.9
3607200;191.2
3618000;516.6
3628800;189.2
3639600;0.0
3650400;490.2
3661200;471.9
3672000;636.6
3682800;502.4
3693600;732.2
3704400;461.7
3715200;0.0
3726000;14.2
3736800;559.3
3747600;555.3
3758400;667.1
3769200;246.1
3780000;760.7
3790800;526.8
3801600;52.9
3812400;162.7
3823200;229.8
3834000;624.4
3844800;638.6
3855600;461.7
3866400;54.9
3877200;528.8
3888000;0.0
3898800;378.3
3909600;14.2
3920400;461.7
3931200;449.5
3942000;734.2
3952800;325.4
3963600;842.0
3974400;162.7
3985200;0.0
3996000;473.9
4006800;162.7
4017600;978.3
4028400;284.7
4039200;612.2
4050000;478.0
4060800;0.0
4071600;26.4
4082400;353.9
4093200;219.7
4104000;14.2
4114800;571.5
4125600;840.0
4136400;722.0
4147200;0.0
4158000;176.9
4168800;272.5
4179600;160.7
4190400;325.4
4201200;421.0
4212000;541.0
4222800;325.4
4233600;351.9
4244400;0.0
4255200;394.6
4266000;390.5
4276800;677.3
4287600;732.2
4298400;351.9
4309200;244.1
4320000;0.0
4330800;0.0
4341600;299.0
4352400;179.0
4363200;215.6
4374000;528.8
4384800;567.5
4395600;254.2
4406400;67.1
4417200;0.0
4428000;284.7
4438800;799.3
4449600;107.8
4460400;541.0
4471200;353.9
4482000;284.7
4492800;0.0
4503600;256.3
4514400;0.0
4525200;675.3
4536000;351.9
4546800;366.1
4557600;3022.4
4568400;341.7
4579200;502.4
4590000;0.0
4600800;26.4
4611600;382.4
4622400;337.6
4633200;353.9
4644000;677.3
4654800;650.8
4665600;26.4
4676400;14.2
4687200;1153.2
4698000;355.9
4708800;663.0
4719600;1112.5
4730400;1002.7
4741200;366.1
4752000;0.0
4762800;176.9
4773600;610.2
4784400;368.1
4795200;787.1
4806000;595.9
4816800;2548.5
4827600;473.9
4838400;205.4
4849200;0.0
4860000;176.9
4870800;2343.0
4881600;937.6
4892400;583.7
4903200;404.7
4914000;229.8
4924800;0.0
4935600;81.4
4946400;663.0
4957200;406.8
4968000;392.5
4978800;349.8
4989600;380.3
5000400;258.3
5011200;14.2
5022000;162.7
5032800;2237.3
5043600;475.9
5054400;581.7
5065200;246.1
5076000;81.4
5086800;69.2
5097600;0.0
5108400;150.5
5119200;0.0
5130000;433.2
5140800;838.0
5151600;530.8
5162400;1301.7
5173200;1330.2
5184000;81.4
5194800;0.0
5205600;95.6
5216400;136.3
5227200;406.8
5238000;120.0
5248800;473.9
5259600;421.0
5270400;0.0
5281200;14.2
5292000;516.6
5302800;488.1
5313600;2428.5
5324400;148.5
5335200;691.5
5346000;502.4
5356800;0.0
5367600;26.4
5378400;337.6
5389200;935.6
5400000;421.0
5410800;351.9
5421600;840.0
5432400;445.4
5443200;189.2
5454000;0.0
5464800;488.1
5475600;1397.3
5486400;949.8
5497200;1586.4
5508000;581.7
5518800;189.2
5529600;0.0
5540400;0.0
5551200;636.6
5562000;353.9
5572800;526.8
5583600;351.9
5594400;176.9
5605200;325.4
5616000;134.2
5626800;0.0
5637600;191.2
5648400;514.6
5659200;286.8
5670000;341.7
5680800;26.4
5691600;583.7
5702400;0.0
5713200;205.4
5724000;81.4
5734800;949.8
5745600;337.6
5756400;473.9
5767200;339.7
5778000;1248.8
5788800;203.4
5799600;0.0
5810400;217.6
5821200;404.7
5832000;286.8
5842800;258.3
5853600;176.9
5864400;650.8
5875200;26.4
5886000;69.2
5896800;435.3
5907600;935.6
5918400;136.3
5929200;93.6
5940000;445.4
5950800;284.7
5961600;0.0
5972400;0.0
5983200;282.7
5994000;447.5
6004800;419.0
6015600;746.4
6026400;569.5
6037200;1126.8
6048000;368.1
6058800;0.0
6069600;296.9
6080400;571.5
6091200;516.6
6102000;933.6
6112800;1332.2
6123600;408.8
6134400;0.0
6145200;0.0
6156000;246.1
6166800;1016.9
6177600;229.8
6188400;408.8
6199200;720.0
6210000;842.0
6220800;203.4
6231600;0.0
6242400;148.5
6253200;514.6
6264000;667.1
6274800;315.3
6285600;122.0
6296400;718.0
6307200;0.0
6318000;339.7
6328800;26.4
6339600;504.4
6350400;325.4
6361200;799.3
6372000;486.1
6382800;380.3
6393600;675.3
6404400;0.0
6415200;339.7
6426000;559.3
6436800;880.7
6447600;95.6
6458400;677.3
6469200;351.9
6480000;0.0
6490800;0.0
6501600;284.7
6512400;774.9
6523200;488.1
6534000;518.6
6544800;378.3
6555600;569.5
6566400;0.0
6577200;14.2
6588000;242.0
6598800;2601.3
6609600;569.5
6620400;81.4
6631200;976.3
6642000;337.6
6652800;176.9
6663600;0.0
6674400;445.4
6685200;2330.8
6696000;543.0
6706800;124.1
6717600;624.4
6728400;284.7
6739200;0.0
6750000;0.0
6760800;3309.1
6771600;1069.8
6782400;244.1
6793200;583.7
6804000;1043.4
6814800;179.0
6825600;203.4
6836400;14.2
6847200;217.6
6858000;396.6
6868800;325.4
6879600;583.7
6890400;176.9
6901200;229.8
6912000;0.0
6922800;0.0
6933600;0.0
6944400;490.2
6955200;787.1
6966000;516.6
6976800;433.2
6987600;707.8
6998400;107.8
7009200;0.0
7020000;447.5
7030800;516.6
7041600;992.5
7052400;774.9
7063200;514.6
7074000;571.5
7084800;28.5
7095600;0.0
7106400;610.2
7117200;624.4
7128000;689.5
7138800;176.9
7149600;504.4
7160400;258.3
7171200;0.0
7182000;0.0
7192800;203.4
7203600;419.0
7214400;323.4
7225200;258.3
7236000;408.8
7246800;624.4
7257600;0.0
7268400;0.0
7279200;339.7
7290000;2564.7
7300800;2347.1
7311600;569.5
7322400;813.6
7333200;581.7
7344000;0.0
7354800;26.4
7365600;705.8
7376400;435.3
7387200;93.6
7398000;583.7
7408800;282.7
7419600;555.3
7430400;0.0
7441200;107.8
7452000;286.8
7462800;636.6
7473600;394.6
7484400;1124.7
7495200;109.8
7506000;270.5
7516800;0.0
7527600;42.7
7538400;176.9
7549200;2644.1
7560000;421.0
7570800;703.7
7581600;636.6
7592400;488.1
7603200;325.4
7614000;0.0
7624800;2019.7
7635600;1220.3
7646400;557.3
7657200;205.4
7668000;435.3
7678800;203.4
7689600;0.0
7700400;0.0
7711200;315.3
7722000;325.4
7732800;191.2
7743600;313.2
7754400;3390.5
7765200;313.2
7776000;0.0
7786800;189.2
7797600;598.0
7808400;758.6
7819200;665.1
7830000;500.3
7840800;960.0
7851600;622.4
7862400;421.0
7873200;0.0
7884000;921.4
7894800;892.9
7905600;2672.5
7916400;449.5
7927200;364.1
7938000;366.1
7948800;0.0
7959600;0.0
7970400;978.3
7981200;260.3
7992000;622.4
8002800;313.2
8013600;746.4
8024400;299.0
8035200;419.0
8046000;0.0
8056800;380.3
8067600;459.7
8078400;679.3
8089200;364.1
8100000;67.1
8110800;313.2
8121600;0.0
8132400;26.4
8143200;1328.1
8154000;2426.4
8164800;608.1
8175600;189.2
8186400;421.0
8197200;785.1
8208000;40.7
8218800;0.0
8229600;296.9
8240400;160.7
8251200;447.5
8262000;557.3
8272800;325.4
8283600;624.4
8294400;14.2
8305200;14.2
8316000;593.9
8326800;770.8
8337600;270.5
8348400;176.9
8359200;1895.6
8370000;502.4
8380800;0.0
8391600;52.9
8402400;189.2
8413200;471.9
8424000;327.5
8434800;1035.2
8445600;3158.6
8456400;636.6
8467200;67.1
8478000;0.0
8488800;392.5
8499600;315.3
8510400;368.1
8521200;449.5
8532000;231.9
8542800;136.3
8553600;0.0
8564400;0.0
8575200;541.0
8586000;583.7
8596800;296.9
8607600;703.7
8618400;160.7
8629200;797.3
8640000;296.9
8650800;14.2
8661600;284.7
8672400;528.8
8683200;136.3
8694000;571.5
8704800;189.2
8715600;394.6
8726400;0.0
8737200;215.6
8748000;40.7
8758800;541.0
8769600;447.5
8780400;392.5
8791200;541.0
8802000;392.5
8812800;54.9
8823600;0.0
8834400;256.3
8845200;445.4
8856000;380.3
8866800;394.6
8877600;337.6
8888400;461.7
8899200;0.0
8910000;0.0
8920800;492.2
8931600;555.3
8942400;380.3
8953200;81.4
8964000;1098.3
8974800;256.3
8985600;0.0
8996400;95.6
9007200;622.4
9018000;406.8
9028800;679.3
9039600;353.9
9050400;626.4
9061200;593.9
9072000;325.4
9082800;0.0
9093600;583.7
9104400;93.6
9115200;2778.3
9126000;2725.4
9136800;598.0
9147600;325.4
9158400;0.0
9169200;162.7
9180000;1100.3
9190800;337.6
9201600;703.7
9212400;270.5
9223200;325.4
9234000;488.1
9244800;69.2
9255600;14.2
9266400;299.0
9277200;610.2
9288000;406.8
9298800;339.7
9309600;311.2
9320400;81.4
9331200;0.0
9342000;107.8
9352800;107.8
9363600;488.1
9374400;303.0
9385200;231.9
9396000;284.7
9406800;419.0
9417600;176.9
9428400;0.0
9439200;258.3
9450000;978.3
9460800;514.6
9471600;990.5
9482400;569.5
9493200;109.8
9504000;0.0
9514800;81.4
9525600;636.6
9536400;364.1
9547200;406.8
9558000;392.5
9568800;502.4
9579600;421.0
9590400;0.0
9601200;26.4
9612000;569.5
9622800;392.5
9633600;120.0
9644400;301.0
9655200;581.7
9666000;555.3
9676800;313.2
9687600;0.0
9698400;770.8
9709200;504.4
9720000;445.4
9730800;1777.6
9741600;478.0
9752400;856.3
9763200;0.0
9774000;0.0
9784800;475.9
9795600;231.9
9806400;569.5
9817200;93.6
9828000;650.8
9838800;201.4
9849600;14.2
9860400;0.0
9871200;81.4
9882000;353.9
9892800;443.4
9903600;878.6
9914400;26.4
9925200;107.8
9936000;0.0
9946800;40.7
9957600;26.4
9968400;1069.8
9979200;512.5
9990000;555.3
10000800;2357.3
10011600;598.0
10022400;120.0
10033200;0.0
10044000;122.0
10054800;256.3
10065600;813.6
10076400;693.6
10087200;949.8
10098000;339.7
10108800;0.0
10119600;26.4
10130400;947.8
10141200;758.6
10152000;406.8
10162800;217.6
10173600;758.6
10184400;598.0
10195200;0.0
10206000;26.4
10216800;231.9
10227600;459.7
10238400;488.1
10249200;284.7
10260000;933.6
10270800;652.9
10281600;54.9
10292400;0.0
10303200;530.8
10314000;2493.5
10324800;370.2
10335600;404.7
10346400;313.2
10357200;284.7
10368000;0.0
10378800;95.6
10389600;478.0
10400400;404.7
10411200;313.2
10422000;54.9
10432800;337.6
10443600;406.8
10454400;107.8
10465200;0.0
10476000;217.6
10486800;1069.8
10497600;567.5
10508400;636.6
10519200;26.4
10530000;122.0
10540800;0.0
10551600;26.4
10562400;0.0
10573200;229.8
10584000;244.1
10594800;966.1
10605600;636.6
10616400;650.8
10627200;81.4
10638000;0.0
10648800;107.8
10659600;935.6
10670400;555.3
10681200;569.5
10692000;907.1
10702800;299.0
10713600;191.2
10724400;40.7
10735200;353.9
10746000;663.0
10756800;122.0
10767600;296.9
10778400;488.1
10789200;229.8
10800000;0.0
10810800;0.0
10821600;543.0
10832400;935.6
10843200;449.5
10854000;555.3
10864800;266.4
10875600;663.0
10886400;69.2
10897200;0.0
10908000;327.5
10918800;921.4
10929600;337.6
10940400;421.0
10951200;500.3
10962000;272.5
10972800;0.0
10983600;0.0
10994400;244.1
11005200;557.3
11016000;433.2
11026800;543.0
11037600;894.9
11048400;772.9
11059200;258.3
11070000;0.0
11080800;136.3
11091600;1047.5
11102400;376.3
11113200;81.4
11124000;176.9
11134800;366.1
11145600;0.0
11156400;136.3
11167200;0.0
11178000;1289.5
11188800;461.7
11199600;242.0
11210400;461.7
11221200;408.8
11232000;95.6
11242800;0.0
11253600;54.9
11264400;284.7
11275200;311.2
11286000;174.9
11296800;571.5
11307600;449.5
11318400;81.4
11329200;0.0
11340000;337.6
11350800;2318.6
11361600;189.2
11372400;500.3
11383200;541.0
11394000;447.5
11404800;0.0
11415600;14.2
11426400;2186.4
11437200;368.1
11448000;935.6
11458800;663.0
11469600;231.9
11480400;392.5
11491200;311.2
11502000;0.0
11512800;1112.5
11523600;231.9
11534400;461.7
11545200;475.9
11556000;473.9
11566800;663.0
11577600;0.0
11588400;14.2
11599200;787.1
11610000;636.6
11620800;583.7
11631600;244.1
11642400;311.2
11653200;569.5
11664000;162.7
11674800;0.0
11685600;229.8
11696400;502.4
11707200;299.0
11718000;756.6
11728800;40.7
11739600;122.0
11750400;0.0
11761200;81.4
11772000;14.2
11782800;378.3
11793600;366.1
11804400;1435.9
11815200;475.9
11826000;431.2
11836800;231.9
11847600;0.0
11858400;325.4
11869200;622.4
11880000;528.8
11890800;176.9
11901600;571.5
11912400;339.7
11923200;162.7
11934000;203.4
11944800;337.6
11955600;107.8
11966400;447.5
11977200;54.9
11988000;473.9
11998800;248.1
12009600;0.0
12020400;0.0
12031200;2400.0
12042000;366.1
12052800;579.7
12063600;2398.0
12074400;787.1
12085200;378.3
12096000;555.3
12106800;0.0
12117600;201.4
12128400;433.2
12139200;272.5
12150000;976.3
12160800;176.9
12171600;189.2
12182400;0.0
12193200;0.0
12204000;500.3
12214800;964.1
12225600;581.7
12236400;583.7
12247200;416.9
12258000;636.6
12268800;122.0
12279600;14.2
12290400;353.9
12301200;679.3
12312000;624.4
12322800;160.7
12333600;351.9
12344400;461.7
12355200;0.0
12366000;69.2
12376800;14.2
12387600;447.5
12398400;351.9
12409200;693.6
12420000;315.3
12430800;449.5
12441600;284.7
12452400;0.0
12463200;174.9
12474000;569.5
12484800;1558.0
12495600;2019.7
12506400;650.8
12517200;272.5
12528000;14.2
12538800;26.4
12549600;760.7
12560400;858.3
12571200;107.8
12582000;337.6
12592800;1016.9
12603600;394.6
12614400;0.0
12625200;162.7
12636000;502.4
12646800;176.9
12657600;892.9
12668400;406.8
12679200;323.4
12690000;1112.5
12700800;1545.8
12711600;0.0
12722400;148.5
12733200;378.3
12744000;284.7
12754800;1004.7
12765600;313.2
12776400;286.8
12787200;0.0
12798000;14.2
12808800;323.4
12819600;351.9
12830400;514.6
12841200;231.9
12852000;351.9
12862800;949.8
12873600;189.2
12884400;0.0
12895200;270.5
12906000;526.8
12916800;896.9
12927600;720.0
12938400;54.9
12949200;282.7
12960000;0.0
12970800;52.9
12981600;569.5
12992400;475.9
13003200;598.0
13014000;502.4
13024800;610.2
13035600;622.4
13046400;421.0
13057200;0.0
13068000;95.6
13078800;433.2
13089600;612.2
13100400;54.9
13111200;449.5
13122000;270.5
13132800;107.8
13143600;52.9
13154400;461.7
13165200;988.5
13176000;162.7
13186800;327.5
13197600;896.9
13208400;299.0
13219200;0.0
13230000;14.2
13240800;67.1
13251600;2060.3
13262400;215.6
13273200;445.4
13284000;1299.7
13294800;516.6
13305600;447.5
13316400;0.0
13327200;774.9
13338000;528.8
13348800;325.4
13359600;475.9
13370400;244.1
13381200;189.2
13392000;0.0
13402800;162.7
13413600;896.9
13424400;789.1
13435200;270.5
13446000;380.3
13456800;732.2
13467600;894.9
13478400;366.1
13489200;0.0
13500000;2292.2
13510800;543.0
13521600;569.5
13532400;528.8
13543200;40.7
13554000;909.1
13564800;0.0
13575600;217.6
13586400;40.7
13597200;693.6
13608000;650.8
13618800;150.5
13629600;1897.6
13640400;758.6
13651200;500.3
13662000;0.0
13672800;284.7
13683600;488.1
13694400;461.7
13705200;390.5
13716000;990.5
13726800;650.8
13737600;26.4
13748400;0.0
13759200;921.4
13770000;1043.4
13780800;299.0
13791600;54.9
13802400;612.2
13813200;394.6
13824000;0.0
13834800;162.7
13845600;473.9
13856400;431.2
13867200;571.5
13878000;2699.0
13888800;2806.8
13899600;801.4
13910400;378.3
13921200;0.0
13932000;162.7
13942800;286.8
13953600;654.9
13964400;962.0
13975200;164.7
13986000;691.5
13996800;0.0
14007600;26.4
14018400;2550.5
14029200;610.2
14040000;595.9
14050800;176.9
14061600;974.2
14072400;718.0
14083200;323.4
14094000;0.0
14104800;28.5
14115600;301.0
14126400;854.2
14137200;478.0
14148000;67.1
14158800;272.5
14169600;0.0
14180400;54.9
14191200;28.5
14202000;512.5
14212800;67.1
14223600;488.1
14234400;486.1
14245200;1031.2
14256000;244.1
14266800;0.0
14277600;203.4
14288400;366.1
14299200;229.8
14310000;351.9
14320800;882.7
14331600;406.8
14342400;0.0
14353200;0.0
14364000;191.2
14374800;256.3
14385600;136.3
14396400;191.2
14407200;528.8
14418000;433.2
14428800;0.0
14439600;122.0
14450400;1047.5
14461200;543.0
14472000;478.0
14482800;341.7
14493600;758.6
14504400;364.1
14515200;421.0
14526000;0.0
14536800;378.3
14547600;1126.8
14558400;1043.4
14569200;677.3
14580000;555.3
14590800;541.0
14601600;0.0
14612400;0.0
14623200;421.0
14634000;488.1
14644800;189.2
14655600;610.2
14666400;366.1
14677200;282.7
14688000;95.6
14698800;325.4
14709600;325.4
14720400;461.7
14731200;933.6
14742000;689.5
14752800;67.1
14763600;351.9
14774400;0.0
14785200;14.2
14796000;26.4
14806800;179.0
14817600;176.9
14828400;136.3
14839200;366.1
14850000;461.7
14860800;40.7
14871600;0.0
14882400;258.3
14893200;95.6
14904000;935.6
14914800;545.1
14925600;787.1
14936400;270.5
14947200;26.4
14958000;176.9
14968800;528.8
14979600;799.3
14990400;514.6
15001200;69.2
15012000;229.8
15022800;229.8
15033600;0.0
15044400;107.8
15055200;516.6
15066000;471.9
15076800;842.0
15087600;608.1
15098400;530.8
15109200;274.6
15120000;555.3
15130800;0.0
15141600;353.9
15152400;435.3
15163200;1246.8
15174000;595.9
15184800;349.8
15195600;176.9
15206400;0.0
15217200;95.6
15228000;3351.8
15238800;421.0
15249600;258.3
15260400;244.1
15271200;392.5
15282000;772.9
15292800;26.4
15303600;0.0
15314400;81.4
15325200;638.6
15336000;541.0
15346800;569.5
15357600;406.8
15368400;624.4
15379200;0.0
15390000;0.0
15400800;40.7
15411600;622.4
15422400;488.1
15433200;299.0
15444000;581.7
15454800;176.9
15465600;162.7
15476400;0.0
15487200;203.4
15498000;760.7
15508800;404.7
15519600;325.4
15530400;553.2
15541200;193.2
15552000;95.6
15562800;0.0
15573600;447.5
15584400;559.3
15595200;162.7
15606000;81.4
15616800;817.6
15627600;813.6
15638400;0.0
15649200;28.5
15660000;364.1
15670800;500.3
15681600;1315.9
15692400;583.7
15703200;758.6
15714000;624.4
15724800;337.6
15735600;0.0
15746400;514.6
15757200;528.8
15768000;337.6
15778800;473.9
15789600;785.1
15800400;648.8
15811200;0.0
15822000;14.2
15832800;581.7
15843600;475.9
15854400;665.1
15865200;351.9
15876000;718.0
15886800;504.4
15897600;122.0
15908400;0.0
15919200;622.4
15930000;744.4
15940800;569.5
15951600;935.6
15962400;67.1
15973200;1368.8
15984000;0.0
15994800;26.4
16005600;176.9
16016400;325.4
16027200;665.1
16038000;337.6
16048800;650.8
16059600;516.6
16070400;136.3
16081200;0.0
16092000;813.6
16102800;720.0
16113600;758.6
16124400;937.6
16135200;490.2
16146000;595.9
16156800;14.2
16167600;40.7
16178400;945.8
16189200;923.4
16200000;205.4
16210800;461.7
16221600;595.9
16232400;284.7
16243200;0.0
16254000;40.7
16264800;634.6
16275600;758.6
16286400;327.5
16297200;461.7
16308000;394.6
16318800;840.0
16329600;148.5
16340400;0.0
16351200;447.5
16362000;258.3
16372800;461.7
16383600;459.7
16394400;585.8
16405200;421.0
16416000;0.0
16426800;0.0
16437600;394.6
16448400;217.6
16459200;1261.0
16470000;473.9
16480800;351.9
16491600;500.3
16502400;311.2
16513200;14.2
16524000;530.8
16534800;325.4
16545600;516.6
16556400;652.9
16567200;203.4
16578000;270.5
16588800;0.0
16599600;134.2
16610400;189.2
16621200;284.7
16632000;978.3
16642800;406.8
16653600;366.1
16664400;382.4
16675200;203.4
16686000;0.0
16696800;40.7
16707600;83.4
16718400;557.3
16729200;652.9
16740000;1179.7
16750800;502.4
16761600;14.2
16772400;191.2
16783200;514.6
16794000;595.9
16804800;353.9
16815600;976.3
16826400;677.3
16837200;351.9
16848000;0.0
16858800;0.0
16869600;488.1
16880400;2428.5
16891200;691.5
16902000;366.1
16912800;380.3
16923600;260.3
16934400;868.5
16945200;0.0
16956000;435.3
16966800;1084.1
16977600;815.6
16988400;809.5
16999200;394.6
17010000;339.7
17020800;0.0
17031600;26.4
17042400;2926.8
17053200;189.2
17064000;650.8
17074800;799.3
17085600;933.6
17096400;720.0
17107200;174.9
17118000;14.2
17128800;174.9
17139600;514.6
17150400;284.7
17161200;461.7
17172000;150.5
17182800;2239.3
17193600;0.0
17204400;351.9
17215200;26.4
17226000;526.8
17236800;1366.8
17247600;461.7
17258400;514.6
17269200;325.4
17280000;174.9
17290800;0.0
17301600;284.7
17312400;148.5
17323200;325.4
17334000;337.6
17344800;351.9
17355600;95.6
17366400;0.0
17377200;40.7
17388000;559.3
17398800;799.3
17409600;447.5
17420400;81.4
17431200;555.3
17442000;1313.9
17452800;0.0
17463600;14.2
17474400;109.8
17485200;2631.9
17496000;638.6
17506800;693.6
17517600;679.3
17528400;203.4
17539200;327.5
17550000;0.0
17560800;217.6
17571600;364.1
17582400;447.5
17593200;744.4
17604000;404.7
17614800;787.1
17625600;0.0
17636400;0.0
17647200;665.1
17658000;624.4
17668800;447.5
17679600;79.3
17690400;475.9
17701200;205.4
17712000;176.9
17722800;26.4
17733600;162.7
17744400;256.3
17755200;514.6
17766000;583.7
17776800;28.5
17787600;26.4
17798400;0.0
17809200;52.9
17820000;14.2
17830800;681.4
17841600;327.5
17852400;339.7
17863200;746.4
17874000;555.3
17884800;555.3
17895600;0.0
17906400;299.0
17917200;1084.1
17928000;636.6
17938800;473.9
17949600;840.0
17960400;677.3
17971200;14.2
17982000;40.7
17992800;231.9
18003600;2247.4
18014400;81.4
18025200;215.6
18036000;229.8
18046800;543.0
18057600;0.0
18068400;26.4
18079200;353.9
18090000;569.5
18100800;95.6
18111600;2385.8
18122400;516.6
18133200;366.1
18144000;337.6
18154800;0.0
18165600;571.5
18176400;665.1
18187200;675.3
18198000;284.7
18208800;595.9
18219600;435.3
18230400;0.0
18241200;81.4
18252000;296.9
18262800;962.0
18273600;366.1
18284400;299.0
18295200;473.9
18306000;557.3
18316800;40.7
18327600;26.4
18338400;569.5
18349200;272.5
18360000;465.8
18370800;457.6
18381600;54.9
18392400;229.8
18403200;0.0
18414000;351.9
18424800;0.0
18435600;718.0
18446400;282.7
18457200;813.6
18468000;1141.0
18478800;256.3
18489600;107.8
18500400;0.0
18511200;203.4
18522000;541.0
18532800;787.1
18543600;870.5
18554400;404.7
18565200;461.7
18576000;0.0
18586800;0.0
18597600;622.4
18608400;691.5
18619200;124.1
18630000;339.7
18640800;866.4
18651600;215.6
18662400;0.0
18673200;81.4
18684000;122.0
18694800;488.1
18705600;380.3
18716400;270.5
18727200;1167.5
18738000;707.8
18748800;366.1
18759600;0.0
18770400;624.4
18781200;2361.3
18792000;2509.8
18802800;2237.3
18813600;353.9
18824400;421.0
18835200;0.0
18846000;0.0
18856800;282.7
18867600;514.6
18878400;270.5
18889200;473.9
18900000;447.5
18910800;581.7
18921600;191.2
18932400;14.2
18943200;176.9
18954000;244.1
18964800;217.6
18975600;691.5
18986400;244.1
18997200;421.0
19008000;0.0
19018800;28.5
19029600;0.0
19040400;1169.5
19051200;148.5
19062000;339.7
19072800;410.8
19083600;811.5
19094400;95.6
19105200;0.0
19116000;69.2
19126800;136.3
19137600;693.6
19148400;463.7
19159200;990.5
19170000;1084.1
19180800;0.0
19191600;176.9
19202400;758.6
19213200;301.0
19224000;272.5
19234800;447.5
19245600;272.5
19256400;299.0
19267200;0.0
19278000;40.7
19288800;150.5
19299600;435.3
19310400;528.8
19321200;622.4
19332000;406.8
19342800;459.7
19353600;364.1
19364400;0.0
19375200;720.0
19386000;545.1
19396800;530.8
19407600;490.2
19418400;541.0
19429200;205.4
19440000;0.0
19450800;0.0
19461600;758.6
19472400;555.3
19483200;392.5
19494000;392.5
19504800;665.1
19515600;1405.4
19526400;323.4
19537200;0.0
19548000;394.6
19558800;335.6
19569600;351.9
19580400;516.6
19591200;176.9
19602000;459.7
19612800;0.0
19623600;52.9
19634400;14.2
19645200;274.6
19656000;2280.0
19666800;406.8
19677600;461.7
19688400;677.3
19699200;0.0
19710000;0.0
19720800;339.7
19731600;2520.0
19742400;229.8
19753200;215.6
19764000;543.0
19774800;581.7
19785600;26.4
19796400;107.8
19807200;433.2
19818000;461.7
19828800;150.5
19839600;502.4
19850400;449.5
19861200;530.8
19872000;0.0
19882800;26.4
19893600;203.4
19904400;2278.0
19915200;337.6
19926000;423.0
19936800;530.8
19947600;364.1
19958400;242.0
19969200;0.0
19980000;339.7
19990800;3012.2
20001600;949.8
20012400;392.5
20023200;242.0
20034000;353.9
20044800;0.0
20055600;0.0
20066400;774.9
20077200;203.4
20088000;270.5
20098800;473.9
20109600;311.2
20120400;840.0
20131200;174.9
20142000;0.0
20152800;825.8
20163600;313.2
20174400;693.6
20185200;758.6
20196000;191.2
20206800;475.9
20217600;0.0
20228400;366.1
20239200;0.0
20250000;366.1
20260800;4484.7
20271600;433.2
20282400;504.4
20293200;707.8
20304000;14.2
20314800;0.0
20325600;284.7
20336400;203.4
20347200;652.9
20358000;569.5
20368800;514.6
20379600;421.0
20390400;0.0
20401200;0.0
20412000;447.5
20422800;364.1
20433600;28.5
20444400;351.9
20455200;964.1
20466000;842.0
20476800;0.0
20487600;54.9
20498400;435.3
20509200;2522.0
20520000;530.8
20530800;471.9
20541600;598.0
20552400;447.5
20563200;679.3
20574000;0.0
20584800;244.1
20595600;528.8
20606400;478.0
20617200;921.4
20628000;2481.3
20638800;203.4
20649600;0.0
20660400;81.4
20671200;746.4
20682000;789.1
20692800;229.8
20703600;191.2
20714400;748.5
20725200;569.5
20736000;40.7
20746800;14.2
20757600;691.5
20768400;638.6
20779200;530.8
20790000;406.8
20800800;215.6
20811600;284.7
20822400;0.0
20833200;0.0
20844000;732.2
20854800;299.0
20865600;622.4
20876400;421.0
20887200;229.8
20898000;217.6
20908800;229.8
20919600;0.0
20930400;215.6
20941200;353.9
20952000;325.4
20962800;382.4
20973600;514.6
20984400;557.3
20995200;28.5
21006000;14.2
21016800;514.6
21027600;636.6
21038400;242.0
21049200;2522.0
21060000;894.9
21070800;392.5
21081600;0.0
21092400;0.0
21103200;829.8
21114000;81.4
21124800;270.5
21135600;353.9
21146400;638.6
21157200;679.3
21168000;205.4
21178800;0.0
21189600;856.3
21200400;1045.4
21211200;799.3
21222000;652.9
21232800;2847.4
21243600;203.4
21254400;0.0
21265200;0.0
21276000;923.4
21286800;421.0
21297600;545.1
21308400;351.9
21319200;337.6
21330000;502.4
21340800;95.6
21351600;14.2
21362400;176.9
21373200;132.2
21384000;772.9
21394800;770.8
21405600;244.1
21416400;148.5
21427200;0.0
21438000;40.7
21448800;0.0
21459600;475.9
21470400;419.0
21481200;581.7
21492000;203.4
21502800;1016.9
21513600;217.6
21524400;0.0
21535200;215.6
21546000;473.9
21556800;447.5
21567600;152.5
21578400;612.2
21589200;691.5
21600000;14.2
21610800;40.7
21621600;866.4
21632400;760.7
21643200;69.2
21654000;421.0
21664800;665.1
21675600;626.4
21686400;0.0
21697200;14.2
21708000;353.9
21718800;608.1
21729600;366.1
21740400;595.9
21751200;406.8
21762000;364.1
21772800;445.4
21783600;0.0
21794400;325.4
21805200;541.0
21816000;364.1
21826800;364.1
21837600;827.8
21848400;624.4
21859200;0.0
21870000;0.0
21880800;598.0
21891600;378.3
21902400;567.5
21913200;419.0
21924000;274.6
21934800;2847.4
21945600;447.5
21956400;14.2
21967200;311.2
21978000;353.9
21988800;518.6
21999600;555.3
22010400;109.8
22021200;394.6
22032000;0.0
22042800;107.8
22053600;0.0
22064400;681.4
22075200;705.8
22086000;122.0
22096800;1301.7
22107600;1684.1
22118400;162.7
22129200;0.0
22140000;827.8
22150800;107.8
22161600;339.7
22172400;311.2
22183200;1112.5
22194000;933.6
22204800;26.4
22215600;0.0
22226400;528.8
22237200;447.5
22248000;52.9
22258800;595.9
22269600;732.2
22280400;949.8
22291200;0.0
22302000;14.2
22312800;203.4
22323600;272.5
22334400;622.4
22345200;772.9
22356000;758.6
22366800;107.8
22377600;337.6
22388400;0.0
22399200;311.2
22410000;408.8
22420800;772.9
22431600;583.7
22442400;516.6
22453200;191.2
22464000;0.0
22474800;26.4
22485600;583.7
22496400;665.1
22507200;543.0
22518000;744.4
22528800;473.9
22539600;650.8
22550400;461.7
22561200;26.4
22572000;459.7
22582800;557.3
22593600;636.6
22604400;408.8
22615200;203.4
22626000;148.5
22636800;0.0
22647600;95.6
22658400;26.4
22669200;595.9
22680000;636.6
22690800;541.0
22701600;459.7
22712400;431.2
22723200;313.2
22734000;0.0
22744800;231.9
22755600;598.0
22766400;162.7
22777200;136.3
22788000;150.5
22798800;419.0
22809600;0.0
22820400;162.7
22831200;191.2
22842000;840.0
22852800;162.7
22863600;394.6
22874400;595.9
22885200;416.9
22896000;0.0
22906800;0.0
22917600;136.3
22928400;134.2
22939200;526.8
22950000;231.9
22960800;799.3
22971600;1055.6
22982400;148.5
22993200;0.0
23004000;595.9
23014800;461.7
23025600;339.7
23036400;894.9
23047200;134.2
23058000;83.4
23068800;0.0
23079600;0.0
23090400;2644.1
23101200;419.0
23112000;351.9
23122800;353.9
23133600;705.8
23144400;827.8
23155200;81.4
23166000;0.0
23176800;339.7
23187600;512.5
23198400;528.8
23209200;840.0
23220000;54.9
23230800;502.4
23241600;0.0
23252400;162.7
23263200;40.7
23274000;718.0
23284800;368.1
23295600;459.7
23306400;663.0
23317200;610.2
23328000;134.2
23338800;0.0
23349600;353.9
23360400;679.3
23371200;299.0
23382000;473.9
23392800;392.5
23403600;516.6
23414400;0.0
23425200;0.0
23436000;583.7
23446800;691.5
23457600;286.8
23468400;93.6
23479200;488.1
23490000;380.3
23500800;0.0
23511600;26.4
23522400;490.2
23533200;256.3
23544000;815.6
23554800;231.9
23565600;229.8
23576400;736.3
23587200;351.9
23598000;0.0
23608800;313.2
23619600;244.1
23630400;461.7
23641200;626.4
23652000;435.3
23662800;447.5
23673600;0.0
23684400;26.4
23695200;693.6
23706000;488.1
23716800;471.9
23727600;136.3
23738400;162.7
23749200;205.4
23760000;148.5
23770800;54.9
23781600;107.8
23792400;488.1
23803200;691.5
23814000;530.8
23824800;28.5
23835600;282.7
23846400;0.0
23857200;270.5
23868000;26.4
23878800;595.9
23889600;364.1
23900400;301.0
23911200;530.8
23922000;878.6
23932800;69.2
23943600;0.0
23954400;488.1
23965200;256.3
23976000;1220.3
23986800;325.4
23997600;785.1
24008400;842.0
24019200;14.2
24030000;26.4
24040800;270.5
24051600;500.3
24062400;205.4
24073200;172.9
24084000;528.8
24094800;242.0
24105600;0.0
24116400;0.0
24127200;2548.5
24138000;622.4
24148800;392.5
24159600;378.3
24170400;313.2
24181200;435.3
24192000;286.8
24202800;0.0
24213600;530.8
24224400;421.0
24235200;500.3
24246000;923.4
24256800;762.7
24267600;337.6
24278400;0.0
24289200;0.0
24300000;244.1
24310800;772.9
24321600;974.2
24332400;217.6
24343200;325.4
24354000;311.2
24364800;54.9
24375600;14.2
24386400;258.3
24397200;543.0
24408000;530.8
24418800;665.1
24429600;67.1
24440400;286.8
24451200;0.0
24462000;176.9
24472800;81.4
24483600;296.9
24494400;294.9
24505200;406.8
24516000;514.6
24526800;351.9
24537600;191.2
24548400;0.0
24559200;351.9
24570000;923.4
24580800;1191.9
24591600;583.7
24602400;2076.6
24613200;311.2
24624000;0.0
24634800;162.7
24645600;518.6
24656400;502.4
24667200;162.7
24678000;122.0
24688800;569.5
24699600;878.6
24710400;0.0
24721200;40.7
24732000;311.2
24742800;339.7
24753600;423.0
24764400;282.7
24775200;311.2
24786000;244.1
24796800;311.2
24807600;0.0
24818400;325.4
24829200;624.4
24840000;526.8
24850800;571.5
24861600;353.9
24872400;490.2
24883200;0.0
24894000;0.0
24904800;486.1
24915600;622.4
24926400;720.0
24937200;380.3
24948000;189.2
24958800;813.6
24969600;136.3
24980400;14.2
24991200;284.7
25002000;408.8
25012800;353.9
25023600;720.0
25034400;150.5
25045200;433.2
25056000;0.0
25066800;40.7
25077600;95.6
25088400;840.0
25099200;502.4
25110000;610.2
25120800;528.8
25131600;1275.2
25142400;26.4
25153200;0.0
25164000;242.0
25174800;353.9
25185600;665.1
25196400;502.4
25207200;353.9
25218000;1096.3
25228800;0.0
25239600;0.0
25250400;516.6
25261200;585.8
25272000;219.7
25282800;231.9
25293600;732.2
25304400;325.4
25315200;0.0
25326000;296.9
25336800;351.9
25347600;677.3
25358400;337.6
25369200;705.8
25380000;490.2
25390800;433.2
25401600;189.2
25412400;0.0
25423200;640.7
25434000;471.9
25444800;595.9
25455600;463.7
25466400;406.8
25477200;136.3
25488000;0.0
25498800;0.0
25509600;423.0
25520400;583.7
25531200;217.6
25542000;502.4
25552800;679.3
25563600;842.0
25574400;67.1
25585200;0.0
25596000;380.3
25606800;364.1
25617600;622.4
25628400;488.1
25639200;162.7
25650000;976.3
25660800;0.0
25671600;26.4
25682400;162.7
25693200;258.3
25704000;650.8
25714800;431.2
25725600;406.8
25736400;1016.9
25747200;270.5
25758000;0.0
25768800;189.2
25779600;382.4
25790400;311.2
25801200;1112.5
25812000;663.0
25822800;473.9
25833600;26.4
25844400;162.7
25855200;909.1
25866000;715.9
25876800;282.7
25887600;368.1
25898400;380.3
25909200;392.5
25920000;0.0
25930800;0.0
25941600;353.9
25952400;380.3
25963200;229.8
25974000;490.2
25984800;732.2
25995600;803.4
26006400;134.2
26017200;0.0
26028000;339.7
26038800;665.1
26049600;81.4
26060400;486.1
26071200;636.6
26082000;284.7
26092800;0.0
26103600;26.4
26114400;894.9
26125200;840.0
26136000;502.4
26146800;541.0
26157600;1368.8
26168400;691.5
26179200;14.2
26190000;0.0
26200800;325.4
26211600;433.2
26222400;421.0
26233200;433.2
26244000;54.9
26254800;581.7
26265600;0.0
26276400;28.5
26287200;26.4
26298000;449.5
26308800;134.2
26319600;162.7
26330400;530.8
26341200;421.0
26352000;162.7
26362800;0.0
26373600;148.5
26384400;650.8
26395200;1141.0
26406000;1098.3
26416800;433.2
26427600;718.0
26438400;107.8
26449200;0.0
26460000;514.6
26470800;569.5
26481600;785.1
26492400;351.9
26503200;595.9
26514000;176.9
26524800;0.0
26535600;189.2
26546400;366.1
26557200;311.2
26568000;270.5
26578800;732.2
26589600;299.0
26600400;459.7
26611200;349.8
26622000;0.0
26632800;473.9
26643600;512.5
26654400;650.8
26665200;447.5
26676000;514.6
26686800;349.8
26697600;0.0
26708400;26.4
26719200;1086.1
26730000;744.4
26740800;732.2
26751600;189.2
26762400;569.5
26773200;394.6
26784000;162.7
26794800;162.7
26805600;433.2
26816400;502.4
26827200;242.0
26838000;327.5
26848800;54.9
26859600;530.8
26870400;0.0
26881200;351.9
26892000;189.2
26902800;258.3
26913600;406.8
26924400;378.3
26935200;842.0
26946000;760.7
26956800;28.5
26967600;0.0
26978400;148.5
26989200;557.3
27000000;866.4
27010800;459.7
27021600;339.7
27032400;394.6
27043200;0.0
27054000;81.4
27064800;81.4
27075600;433.2
27086400;353.9
27097200;435.3
27108000;160.7
27118800;595.9
27129600;0.0
27140400;0.0
27151200;447.5
27162000;339.7
27172800;488.1
27183600;500.3
27194400;296.9
27205200;880.7
27216000;217.6
27226800;0.0
27237600;120.0
27248400;309.2
27259200;894.9
27270000;705.8
27280800;256.3
27291600;351.9
27302400;0.0
27313200;0.0
27324000;366.1
27334800;624.4
27345600;500.3
27356400;217.6
27367200;610.2
27378000;431.2
27388800;93.6
27399600;14.2
27410400;313.2
27421200;571.5
27432000;732.2
27442800;219.7
27453600;14.2
27464400;272.5
27475200;0.0
27486000;624.4
27496800;14.2
27507600;744.4
27518400;162.7
27529200;488.1
27540000;355.9
27550800;1073.9
27561600;258.3
27572400;0.0
27583200;433.2
27594000;488.1
27604800;652.9
27615600;242.0
27626400;1169.5
27637200;435.3
27648000;26.4
27658800;26.4
27669600;366.1
27680400;229.8
27691200;231.9
27702000;380.3
27712800;760.7
27723600;608.1
27734400;0.0
27745200;0.0
27756000;286.8
27766800;366.1
27777600;545.1
27788400;2670.5
27799200;705.8
27810000;311.2
27820800;215.6
27831600;0.0
27842400;543.0
27853200;514.6
27864000;868.5
27874800;614.2
27885600;661.0
27896400;514.6
27907200;0.0
27918000;0.0
27928800;854.2
27939600;339.7
27950400;475.9
27961200;244.1
27972000;569.5
27982800;341.7
27993600;246.1
28004400;81.4
28015200;244.1
28026000;301.0
28036800;539.0
28047600;2711.2
28058400;67.1
28069200;272.5
28080000;0.0
28090800;14.2
28101600;40.7
28112400;244.1
28123200;406.8
28134000;689.5
28144800;2341.0
28155600;203.4
28166400;174.9
28177200;0.0
28188000;107.8
28198800;380.3
28209600;1438.0
28220400;567.5
28231200;459.7
28242000;419.0
28252800;0.0
28263600;0.0
28274400;270.5
28285200;270.5
28296000;421.0
28306800;421.0
28317600;351.9
28328400;543.0
28339200;0.0
28350000;107.8
28360800;366.1
28371600;148.5
28382400;447.5
28393200;528.8
28404000;1655.6
28414800;626.4
28425600;284.7
28436400;0.0
28447200;608.1
28458000;447.5
28468800;581.7
28479600;296.9
28490400;923.4
28501200;205.4
28512000;0.0
28522800;0.0
28533600;488.1
28544400;471.9
28555200;351.9
28566000;205.4
28576800;351.9
28587600;799.3
28598400;284.7
28609200;0.0
28620000;229.8
28630800;557.3
28641600;543.0
28652400;368.1
28663200;28.5
28674000;567.5
28684800;0.0
28695600;325.4
28706400;162.7
28717200;514.6
28728000;431.2
28738800;339.7
28749600;691.5
28760400;404.7
28771200;124.1
28782000;0.0
28792800;353.9
28803600;351.9
28814400;473.9
28825200;299.0
28836000;693.6
28846800;296.9
28857600;0.0
28868400;0.0
28879200;382.4
28890000;392.5
28900800;325.4
28911600;528.8
28922400;951.9
28933200;583.7
28944000;0.0
28954800;40.7
28965600;325.4
28976400;650.8
28987200;299.0
28998000;349.8
29008800;463.7
29019600;402.7
29030400;541.0
29041200;0.0
29052000;364.1
29062800;2550.5
29073600;1299.7
29084400;380.3
29095200;473.9
29106000;313.2
29116800;0.0
29127600;26.4
29138400;677.3
29149200;512.5
29160000;258.3
29170800;313.2
29181600;840.0
29192400;693.6
29203200;176.9
29214000;26.4
29224800;26.4
29235600;351.9
29246400;583.7
29257200;69.2
29268000;284.7
29278800;122.0
29289600;0.0
29300400;67.1
29311200;14.2
29322000;364.1
29332800;244.1
29343600;337.6
29354400;882.7
29365200;120.0
29376000;229.8
29386800;0.0
29397600;201.4
29408400;311.2
29419200;608.1
29430000;473.9
29440800;337.6
29451600;160.7
29462400;0.0
29473200;0.0
29484000;1100.3
29494800;1098.3
29505600;622.4
29516400;296.9
29527200;164.7
29538000;799.3
29548800;0.0
29559600;0.0
29570400;272.5
29581200;380.3
29592000;272.5
29602800;282.7
29613600;272.5
29624400;713.9
29635200;366.1
29646000;0.0
29656800;272.5
29667600;421.0
29678400;2753.9
29689200;2357.3
29700000;421.0
29710800;52.9
29721600;0.0
29732400;0.0
29743200;341.7
29754000;571.5
29764800;419.0
29775600;299.0
29786400;530.8
29797200;337.6
29808000;28.5
29818800;0.0
29829600;231.9
29840400;406.8
29851200;598.0
29862000;528.8
29872800;189.2
29883600;325.4
29894400;0.0
29905200;26.4
29916000;26.4
29926800;337.6
29937600;406.8
29948400;1029.1
29959200;543.0
29970000;583.7
29980800;337.6
29991600;0.0
30002400;40.7
30013200;107.8
30024000;362.0
30034800;203.4
30045600;746.4
30056400;677.3
30067200;14.2
30078000;26.4
30088800;299.0
30099600;449.5
30110400;1464.4
30121200;95.6
30132000;585.8
30142800;663.0
30153600;0.0
30164400;14.2
30175200;528.8
30186000;353.9
30196800;313.2
30207600;179.0
30218400;744.4
30229200;827.8
30240000;109.8
30250800;0.0
30261600;366.1
30272400;665.1
30283200;811.5
30294000;325.4
30304800;2574.9
30315600;176.9
30326400;0.0
30337200;26.4
30348000;799.3
30358800;559.3
30369600;315.3
30380400;353.9
30391200;284.7
30402000;447.5
30412800;28.5
30423600;26.4
30434400;380.3
30445200;746.4
30456000;638.6
30466800;219.7
30477600;79.3
30488400;689.5
30499200;0.0
30510000;0.0
30520800;0.0
30531600;421.0
30542400;244.1
30553200;921.4
30564000;484.1
30574800;500.3
30585600;95.6
30596400;0.0
30607200;543.0
30618000;2347.1
30628800;447.5
30639600;284.7
30650400;1098.3
30661200;813.6
30672000;0.0
30682800;0.0
30693600;421.0
30704400;2467.1
30715200;435.3
30726000;122.0
30736800;341.7
30747600;555.3
30758400;0.0
30769200;0.0
30780000;380.3
30790800;801.4
30801600;421.0
30812400;299.0
30823200;488.1
30834000;284.7
30844800;69.2
30855600;0.0
30866400;284.7
30877200;974.2
30888000;488.1
30898800;459.7
30909600;313.2
30920400;231.9
30931200;0.0
30942000;14.2
30952800;640.7
30963600;392.5
30974400;638.6
30985200;583.7
30996000;327.5
31006800;882.7
31017600;162.7
31028400;14.2
31039200;215.6
31050000;512.5
31060800;1029.1
31071600;964.1
31082400;380.3
31093200;325.4
31104000;0.0
31114800;0.0
31125600;351.9
31136400;949.8
31147200;376.3
31158000;299.0
31168800;189.2
31179600;313.2
31190400;351.9
31201200;0.0
31212000;447.5
31222800;366.1
31233600;1859.0
31244400;677.3
31255200;408.8
31266000;583.7
31276800;0.0
31287600;81.4
31298400;1004.7
31309200;2485.4
31320000;107.8
31330800;81.4
31341600;162.7
31352400;351.9
31363200;0.0
31374000;191.2
31384800;26.4
31395600;512.5
31406400;380.3
31417200;419.0
31428000;93.6
31438800;526.8
31449600;189.2
31460400;0.0
31471200;530.8
31482000;634.6
31492800;296.9
31503600;770.8
31514400;390.5
31525200;502.4
