#1
double data(2920, 2)
0;0.0
10800;0.0
21600;244.1
32400;134.2
43200;624.4
54000;475.9
64800;2955.2
75600;459.7
86400;622.4
97200;274.6
108000;81.4
118800;555.3
129600;378.3
140400;136.3
151200;136.3
162000;475.9
172800;69.2
183600;0.0
194400;0.0
205200;339.7
216000;530.8
226800;431.2
237600;921.4
248400;258.3
259200;0.0
270000;0.0
280800;962.0
291600;325.4
302400;380.3
313200;691.5
324000;325.4
334800;2196.6
345600;0.0
356400;28.5
367200;270.5
378000;189.2
388800;595.9
399600;201.4
410400;746.4
421200;260.3
432000;14.2
442800;0.0
453600;935.6
464400;530.8
475200;921.4
486000;691.5
496800;679.3
507600;311.2
518400;380.3
529200;0.0
540000;419.0
550800;691.5
561600;502.4
572400;892.9
583200;174.9
594000;490.2
604800;0.0
615600;0.0
626400;545.1
637200;447.5
648000;461.7
658800;296.9
669600;258.3
680400;720.0
691200;528.8
702000;475.9
712800;26.4
723600;555.3
734400;191.2
745200;530.8
756000;54.9
766800;443.4
777600;95.6
788400;0.0
799200;14.2
810000;406.8
820800;421.0
831600;258.3
842400;679.3
853200;1073.9
864000;0.0
874800;0.0
885600;311.2
896400;83.4
907200;174.9
918000;813.6
928800;486.1
939600;471.9
950400;0.0
961200;0.0
972000;323.4
982800;486.1
993600;500.3
1004400;488.1
1015200;500.3
1026000;758.6
1036800;244.1
1047600;0.0
1058400;679.3
1069200;866.4
1080000;528.8
1090800;272.5
1101600;650.8
1112400;380.3
1123200;229.8
1134000;0.0
1144800;1043.4
1155600;150.5
1166400;541.0
1177200;244.1
1188000;490.2
1198800;231.9
1209600;0.0
1220400;0.0
1231200;296.9
1242000;732.2
1252800;612.2
1263600;475.9
1274400;445.4
1285200;789.1
1296000;500.3
1306800;189.2
1317600;231.9
1328400;231.9
1339200;665.1
1350000;120.0
1360800;109.8
1371600;608.1
1382400;107.8
1393200;0.0
1404000;0.0
1414800;107.8
1425600;473.9
1436400;351.9
1447200;325.4
1458000;148.5
1468800;0.0
1479600;0.0
1490400;256.3
1501200;244.1
1512000;896.9
1522800;555.3
1533600;215.6
1544400;909.1
1555200;0.0
1566000;0.0
1576800;758.6
1587600;270.5
1598400;433.2
1609200;650.8
1620000;445.4
1630800;1299.7
1641600;95.6
1652400;0.0
1663200;815.6
1674000;518.6
1684800;815.6
1695600;421.0
1706400;366.1
1717200;650.8
1728000;176.9
1738800;0.0
1749600;83.4
1760400;516.6
1771200;419.0
1782000;311.2
1792800;608.1
1803600;421.0
1814400;0.0
1825200;0.0
1836000;392.5
1846800;421.0
1857600;447.5
1868400;569.5
1879200;976.3
1890000;459.7
1900800;435.3
1911600;665.1
1922400;296.9
1933200;378.3
1944000;1234.6
1954800;569.5
1965600;14.2
1976400;368.1
1987200;40.7
1998000;0.0
2008800;176.9
2019600;270.5
2030400;323.4
2041200;378.3
2052000;433.2
2062800;748.5
2073600;0.0
2084400;0.0
2095200;378.3
2106000;67.1
2116800;612.2
2127600;447.5
2138400;378.3
2149200;758.6
2160000;0.0
2170800;0.0
2181600;569.5
2192400;392.5
2203200;286.8
2214000;815.6
2224800;272.5
2235600;270.5
2246400;26.4
2257200;0.0
2268000;449.5
2278800;774.9
2289600;475.9
2300400;866.4
2311200;894.9
2322000;1029.1
2332800;205.4
2343600;0.0
2354400;445.4
2365200;524.7
2376000;803.4
2386800;419.0
2397600;201.4
2408400;526.8
2419200;0.0
2430000;0.0
2440800;748.5
2451600;421.0
2462400;402.7
2473200;286.8
2484000;689.5
2494800;486.1
2505600;189.2
2516400;447.5
2527200;162.7
2538000;433.2
2548800;516.6
2559600;583.7
2570400;28.5
2581200;380.3
2592000;270.5
2602800;0.0
2613600;14.2
2624400;205.4
2635200;258.3
2646000;797.3
2656800;3160.7
2667600;557.3
2678400;0.0
2689200;0.0
2700000;109.8
2710800;368.1
2721600;514.6
2732400;526.8
2743200;174.9
2754000;1442.0
2764800;40.7
2775600;95.6
2786400;242.0
2797200;461.7
2808000;581.7
2818800;512.5
2829600;785.1
2840400;351.9
2851200;191.2
2862000;0.0
2872800;406.8
2883600;488.1
2894400;622.4
2905200;555.3
2916000;473.9
2926800;718.0
2937600;461.7
2948400;0.0
2959200;421.0
2970000;347.8
2980800;406.8
2991600;555.3
3002400;1177.6
3013200;598.0
3024000;0.0
3034800;0.0
3045600;2483.4
3056400;486.1
3067200;652.9
3078000;811.5
3088800;718.0
3099600;2465.1
3110400;744.4
3121200;488.1
3132000;215.6
3142800;732.2
3153600;408.8
3164400;636.6
3175200;473.9
3186000;164.7
3196800;406.8
3207600;0.0
3218400;215.6
3229200;638.6
3240000;423.0
3250800;557.3
3261600;543.0
3272400;229.8
3283200;0.0
3294000;0.0
3304800;559.3
3315600;610.2
3326400;756.6
3337200;176.9
3348000;416.9
3358800;242.0
3369600;26.4
3380400;26.4
3391200;69.2
3402000;447.5
3412800;732.2
3423600;272.5
3434400;244.1
3445200;1344.4
3456000;28.5
3466800;0.0
3477600;866.4
3488400;124.1
3499200;595.9
3510000;150.5
3520800;502.4
3531600;258.3
3542400;380.3
3553200;0.0
3564000;311.2
3574800;610.2
3585600;246.1
3596400;1128.8
3607200;366.1
3618000;124.1
3628800;0.0
3639600;0.0
3650400;423.0
3661200;528.8
3672000;457.6
3682800;229.8
3693600;634.6
3704400;665.1
3715200;772.9
3726000;270.5
3736800;40.7
3747600;1832.5
3758400;380.3
3769200;221.7
3780000;435.3
3790800;514.6
3801600;351.9
3812400;0.0
3823200;162.7
3834000;136.3
3844800;1208.1
3855600;459.7
3866400;176.9
3877200;81.4
3888000;0.0
3898800;0.0
3909600;189.2
3920400;136.3
3931200;256.3
3942000;351.9
3952800;488.1
3963600;1033.2
3974400;0.0
3985200;40.7
3996000;227.8
4006800;502.4
4017600;327.5
4028400;679.3
4039200;689.5
4050000;244.1
4060800;0.0
4071600;0.0
4082400;2587.1
4093200;1261.0
4104000;392.5
4114800;392.5
4125600;746.4
4136400;270.5
4147200;392.5
4158000;0.0
4168800;663.0
4179600;638.6
4190400;366.1
4201200;229.8
4212000;392.5
4222800;449.5
4233600;0.0
4244400;0.0
4255200;394.6
4266000;217.6
4276800;473.9
4287600;663.0
4298400;1460.3
4309200;488.1
4320000;813.6
4330800;612.2
4341600;189.2
4352400;964.1
4363200;909.1
4374000;665.1
4384800;81.4
4395600;583.7
4406400;229.8
4417200;0.0
4428000;0.0
4438800;136.3
4449600;325.4
4460400;215.6
4471200;313.2
4482000;229.8
4492800;0.0
4503600;0.0
4514400;378.3
4525200;54.9
4536000;471.9
4546800;813.6
4557600;744.4
4568400;803.4
4579200;0.0
4590000;0.0
4600800;97.6
4611600;746.4
4622400;585.8
4633200;624.4
4644000;433.2
4654800;260.3
4665600;52.9
4676400;0.0
4687200;691.5
4698000;622.4
4708800;663.0
4719600;390.5
4730400;557.3
4741200;445.4
4752000;229.8
4762800;0.0
4773600;718.0
4784400;541.0
4795200;581.7
4806000;720.0
4816800;1167.5
4827600;612.2
4838400;0.0
4849200;0.0
4860000;2332.9
4870800;459.7
4881600;770.8
4892400;461.7
4903200;299.0
4914000;229.8
4924800;569.5
4935600;270.5
4946400;40.7
4957200;571.5
4968000;705.8
4978800;705.8
4989600;52.9
5000400;571.5
5011200;107.8
5022000;0.0
5032800;0.0
5043600;258.3
5054400;364.1
5065200;408.8
5076000;353.9
5086800;164.7
5097600;0.0
5108400;0.0
5119200;296.9
5130000;256.3
5140800;1029.1
5151600;488.1
5162400;461.7
5173200;364.1
5184000;0.0
5194800;14.2
5205600;555.3
5216400;896.9
5227200;732.2
5238000;215.6
5248800;677.3
5259600;799.3
5270400;26.4
5281200;0.0
5292000;95.6
5302800;555.3
5313600;718.0
5324400;296.9
5335200;815.6
5346000;421.0
5356800;134.2
5367600;0.0
5378400;1478.6
5389200;461.7
5400000;677.3
5410800;923.4
5421600;471.9
5432400;353.9
5443200;0.0
5454000;0.0
5464800;921.4
5475600;612.2
5486400;325.4
5497200;612.2
5508000;394.6
5518800;1043.4
5529600;785.1
5540400;205.4
5551200;67.1
5562000;715.9
5572800;543.0
5583600;313.2
5594400;461.7
5605200;461.7
5616000;325.4
5626800;0.0
5637600;134.2
5648400;54.9
5659200;274.6
5670000;559.3
5680800;463.7
5691600;191.2
5702400;0.0
5713200;0.0
5724000;81.4
5734800;299.0
5745600;665.1
5756400;217.6
5767200;787.1
5778000;445.4
5788800;81.4
5799600;107.8
5810400;626.4
5821200;557.3
5832000;244.1
5842800;555.3
5853600;40.7
5864400;134.2
5875200;162.7
5886000;0.0
5896800;258.3
5907600;449.5
5918400;282.7
5929200;343.7
5940000;986.4
5950800;445.4
5961600;364.1
5972400;0.0
5983200;459.7
5994000;774.9
6004800;421.0
6015600;406.8
6026400;543.0
6037200;746.4
6048000;0.0
6058800;0.0
6069600;244.1
6080400;215.6
6091200;270.5
6102000;408.8
6112800;408.8
6123600;691.5
6134400;488.1
6145200;504.4
6156000;122.0
6166800;663.0
6177600;258.3
6188400;921.4
6199200;270.5
6210000;962.0
6220800;286.8
6231600;0.0
6242400;26.4
6253200;40.7
6264000;284.7
6274800;1098.3
6285600;2548.5
6296400;351.9
6307200;0.0
6318000;0.0
6328800;191.2
6339600;785.1
6350400;366.1
6361200;718.0
6372000;380.3
6382800;459.7
6393600;40.7
6404400;0.0
6415200;2428.5
6426000;176.9
6436800;756.6
6447600;296.9
6458400;894.9
6469200;1057.6
6480000;0.0
6490800;0.0
6501600;325.4
6512400;732.2
6523200;528.8
6534000;380.3
6544800;732.2
6555600;770.8
6566400;231.9
6577200;0.0
6588000;583.7
6598800;626.4
6609600;244.1
6620400;612.2
6631200;272.5
6642000;461.7
6652800;0.0
6663600;0.0
6674400;366.1
6685200;394.6
6696000;516.6
6706800;516.6
6717600;679.3
6728400;313.2
6739200;473.9
6750000;392.5
6760800;40.7
6771600;787.1
6782400;736.3
6793200;313.2
6804000;28.5
6814800;882.7
6825600;229.8
6836400;0.0
6847200;0.0
6858000;26.4
6868800;231.9
6879600;95.6
6890400;392.5
6901200;488.1
6912000;0.0
6922800;0.0
6933600;720.0
6944400;502.4
6955200;408.8
6966000;909.1
6976800;581.7
6987600;272.5
6998400;14.2
7009200;52.9
7020000;526.8
7030800;610.2
7041600;203.4
7052400;665.1
7063200;351.9
7074000;689.5
7084800;14.2
7095600;0.0
7106400;392.5
7117200;191.2
7128000;789.1
7138800;52.9
7149600;1004.7
7160400;433.2
7171200;148.5
7182000;0.0
7192800;2196.6
7203600;622.4
7214400;205.4
7225200;500.3
7236000;394.6
7246800;244.1
7257600;0.0
7268400;0.0
7279200;288.8
7290000;801.4
7300800;341.7
7311600;351.9
7322400;1112.5
7333200;311.2
7344000;321.4
7354800;555.3
7365600;109.8
7376400;1476.6
7387200;1220.3
7398000;42.7
7408800;581.7
7419600;923.4
7430400;148.5
7441200;0.0
7452000;107.8
7462800;54.9
7473600;703.7
7484400;675.3
7495200;313.2
7506000;122.0
7516800;0.0
7527600;0.0
7538400;2916.6
7549200;392.5
7560000;191.2
7570800;827.8
7581600;1108.5
7592400;502.4
7603200;0.0
7614000;26.4
7624800;69.2
7635600;612.2
7646400;270.5
7657200;353.9
7668000;652.9
7678800;718.0
7689600;67.1
7700400;0.0
7711200;406.8
7722000;583.7
7732800;244.1
7743600;109.8
7754400;431.2
7765200;610.2
7776000;69.2
7786800;0.0
7797600;978.3
7808400;93.6
7819200;838.0
7830000;593.9
7840800;976.3
7851600;394.6
7862400;0.0
7873200;0.0
7884000;528.8
7894800;148.5
7905600;1139.0
7916400;244.1
7927200;718.0
7938000;813.6
7948800;744.4
7959600;136.3
7970400;339.7
7981200;1832.5
7992000;69.2
8002800;189.2
8013600;14.2
8024400;475.9
8035200;296.9
8046000;0.0
8056800;28.5
8067600;162.7
8078400;557.3
8089200;571.5
8100000;624.4
8110800;296.9
8121600;0.0
8132400;0.0
8143200;2723.4
8154000;162.7
8164800;652.9
8175600;463.7
8186400;325.4
8197200;840.0
8208000;0.0
8218800;81.4
8229600;663.0
8240400;364.1
8251200;1057.6
8262000;315.3
8272800;431.2
8283600;1139.0
8294400;14.2
8305200;0.0
8316000;272.5
8326800;490.2
8337600;366.1
8348400;325.4
8359200;351.9
8370000;315.3
8380800;203.4
8391600;0.0
8402400;69.2
8413200;663.0
8424000;665.1
8434800;421.0
8445600;191.2
8456400;703.7
8467200;0.0
8478000;0.0
8488800;2483.4
8499600;514.6
8510400;528.8
8521200;370.2
8532000;473.9
8542800;366.1
8553600;526.8
8564400;176.9
8575200;406.8
8586000;325.4
8596800;134.2
8607600;421.0
8618400;26.4
8629200;268.5
8640000;270.5
8650800;0.0
8661600;26.4
8672400;120.0
8683200;514.6
8694000;471.9
8704800;2467.1
8715600;217.6
8726400;0.0
8737200;0.0
8748000;962.0
8758800;79.3
8769600;882.7
8780400;217.6
8791200;42.7
8802000;459.7
8812800;0.0
8823600;81.4
8834400;663.0
8845200;191.2
8856000;270.5
8866800;610.2
8877600;693.6
8888400;459.7
8899200;162.7
8910000;0.0
8920800;246.1
8931600;638.6
8942400;569.5
8953200;52.9
8964000;976.3
8974800;854.2
8985600;258.3
8996400;0.0
9007200;1071.9
9018000;176.9
9028800;732.2
9039600;595.9
9050400;486.1
9061200;758.6
9072000;0.0
9082800;0.0
9093600;514.6
9104400;69.2
9115200;203.4
9126000;978.3
9136800;571.5
9147600;748.5
9158400;402.7
9169200;406.8
9180000;380.3
9190800;174.9
9201600;461.7
9212400;695.6
9223200;337.6
9234000;40.7
9244800;392.5
9255600;0.0
9266400;14.2
9277200;162.7
9288000;353.9
9298800;231.9
9309600;378.3
9320400;148.5
9331200;0.0
9342000;0.0
9352800;311.2
9363600;174.9
9374400;679.3
9385200;423.0
9396000;935.6
9406800;217.6
9417600;0.0
9428400;0.0
9439200;516.6
9450000;217.6
9460800;229.8
9471600;707.8
9482400;270.5
9493200;543.0
9504000;26.4
9514800;0.0
9525600;164.7
9536400;459.7
9547200;595.9
9558000;244.1
9568800;715.9
9579600;813.6
9590400;270.5
9601200;0.0
9612000;528.8
9622800;368.1
9633600;122.0
9644400;992.5
9655200;962.0
9666000;461.7
9676800;0.0
9687600;0.0
9698400;894.9
9709200;964.1
9720000;368.1
9730800;299.0
9741600;323.4
9752400;567.5
9763200;313.2
9774000;191.2
9784800;366.1
9795600;378.3
9806400;339.7
9817200;787.1
9828000;435.3
9838800;557.3
9849600;217.6
9860400;0.0
9871200;95.6
9882000;421.0
9892800;595.9
9903600;435.3
9914400;272.5
9925200;447.5
9936000;0.0
9946800;0.0
9957600;663.0
9968400;120.0
9979200;500.3
9990000;231.9
10000800;162.7
10011600;341.7
10022400;14.2
10033200;0.0
10044000;351.9
10054800;758.6
10065600;355.9
10076400;734.2
10087200;2481.3
10098000;1411.5
10108800;40.7
10119600;0.0
10130400;976.3
10141200;270.5
10152000;746.4
10162800;217.6
10173600;490.2
10184400;258.3
10195200;189.2
10206000;0.0
10216800;502.4
10227600;380.3
10238400;282.7
10249200;665.1
10260000;461.7
10270800;526.8
10281600;0.0
10292400;0.0
10303200;935.6
10314000;567.5
10324800;732.2
10335600;1071.9
10346400;382.4
10357200;799.3
10368000;327.5
10378800;311.2
10389600;217.6
10400400;323.4
10411200;949.8
10422000;612.2
10432800;325.4
10443600;368.1
10454400;189.2
10465200;0.0
10476000;0.0
10486800;109.8
10497600;2589.1
10508400;718.0
10519200;136.3
10530000;339.7
10540800;0.0
10551600;0.0
10562400;67.1
10573200;67.1
10584000;189.2
10594800;461.7
10605600;785.1
10616400;2576.9
10627200;0.0
10638000;26.4
10648800;433.2
10659600;445.4
10670400;516.6
10681200;433.2
10692000;545.1
10702800;565.4
10713600;109.8
10724400;0.0
10735200;758.6
10746000;555.3
10756800;423.0
10767600;337.6
10778400;785.1
10789200;2267.8
10800000;122.0
10810800;0.0
10821600;543.0
10832400;473.9
10843200;461.7
10854000;811.5
10864800;543.0
10875600;581.7
10886400;0.0
10897200;0.0
10908000;258.3
10918800;478.0
10929600;404.7
10940400;707.8
10951200;518.6
10962000;433.2
10972800;475.9
10983600;449.5
10994400;150.5
11005200;935.6
11016000;801.4
11026800;1086.1
11037600;107.8
11048400;502.4
11059200;40.7
11070000;0.0
11080800;0.0
11091600;0.0
11102400;392.5
11113200;203.4
11124000;445.4
11134800;433.2
11145600;0.0
11156400;0.0
11167200;368.1
11178000;244.1
11188800;962.0
11199600;1069.8
11210400;650.8
11221200;705.8
11232000;0.0
11242800;14.2
11253600;583.7
11264400;677.3
11275200;447.5
11286000;813.6
11296800;557.3
11307600;610.2
11318400;54.9
11329200;0.0
11340000;1019.0
11350800;813.6
11361600;286.8
11372400;569.5
11383200;640.7
11394000;598.0
11404800;258.3
11415600;0.0
11426400;1507.1
11437200;1368.8
11448000;447.5
11458800;746.4
11469600;109.8
11480400;353.9
11491200;0.0
11502000;0.0
11512800;502.4
11523600;543.0
11534400;679.3
11545200;423.0
11556000;323.4
11566800;406.8
11577600;378.3
11588400;380.3
11599200;270.5
11610000;270.5
11620800;148.5
11631600;636.6
11642400;52.9
11653200;270.5
11664000;854.2
11674800;0.0
11685600;0.0
11696400;67.1
11707200;296.9
11718000;486.1
11728800;475.9
11739600;557.3
11750400;0.0
11761200;0.0
11772000;772.9
11782800;229.8
11793600;545.1
11804400;325.4
11815200;299.0
11826000;799.3
11836800;14.2
11847600;14.2
11858400;394.6
11869200;528.8
11880000;648.8
11890800;284.7
11901600;2495.6
11912400;624.4
11923200;28.5
11934000;0.0
11944800;176.9
11955600;1724.7
11966400;201.4
11977200;215.6
11988000;571.5
11998800;327.5
12009600;189.2
12020400;0.0
12031200;650.8
12042000;569.5
12052800;648.8
12063600;258.3
12074400;406.8
12085200;93.6
12096000;0.0
12106800;0.0
12117600;1139.0
12128400;191.2
12139200;610.2
12150000;272.5
12160800;339.7
12171600;543.0
12182400;353.9
12193200;852.2
12204000;107.8
12214800;408.8
12225600;990.5
12236400;581.7
12247200;433.2
12258000;583.7
12268800;366.1
12279600;0.0
12290400;26.4
12301200;368.1
12312000;256.3
12322800;419.0
12333600;543.0
12344400;339.7
12355200;0.0
12366000;0.0
12376800;636.6
12387600;231.9
12398400;392.5
12409200;693.6
12420000;528.8
12430800;650.8
12441600;14.2
12452400;28.5
12463200;203.4
12474000;842.0
12484800;146.4
12495600;378.3
12506400;677.3
12517200;866.4
12528000;54.9
12538800;0.0
12549600;2550.5
12560400;553.2
12571200;394.6
12582000;284.7
12592800;242.0
12603600;260.3
12614400;270.5
12625200;0.0
12636000;258.3
12646800;677.3
12657600;994.6
12668400;772.9
12679200;512.5
12690000;638.6
12700800;0.0
12711600;0.0
12722400;435.3
12733200;701.7
12744000;337.6
12754800;323.4
12765600;911.2
12776400;296.9
12787200;545.1
12798000;553.2
12808800;325.4
12819600;191.2
12830400;677.3
12841200;270.5
12852000;217.6
12862800;366.1
12873600;569.5
12884400;0.0
12895200;0.0
12906000;272.5
12916800;378.3
12927600;421.0
12938400;2290.2
12949200;164.7
12960000;0.0
12970800;0.0
12981600;284.7
12992400;325.4
13003200;500.3
13014000;693.6
13024800;244.1
13035600;1476.6
13046400;162.7
13057200;40.7
13068000;1720.7
13078800;785.1
13089600;433.2
13100400;421.0
13111200;3309.1
13122000;203.4
13132800;0.0
13143600;0.0
13154400;478.0
13165200;758.6
13176000;583.7
13186800;382.4
13197600;325.4
13208400;1019.0
13219200;176.9
13230000;0.0
13240800;1246.8
13251600;787.1
13262400;600.0
13273200;838.0
13284000;799.3
13294800;555.3
13305600;0.0
13316400;0.0
13327200;585.8
13338000;854.2
13348800;376.3
13359600;526.8
13370400;394.6
13381200;2440.7
13392000;732.2
13402800;557.3
13413600;28.5
13424400;1100.3
13435200;976.3
13446000;555.3
13456800;435.3
13467600;907.1
13478400;93.6
13489200;0.0
13500000;0.0
13510800;229.8
13521600;187.1
13532400;677.3
13543200;665.1
13554000;150.5
13564800;0.0
13575600;0.0
13586400;323.4
13597200;557.3
13608000;229.8
13618800;610.2
13629600;907.1
13640400;825.8
13651200;26.4
13662000;203.4
13672800;81.4
13683600;772.9
13694400;217.6
13705200;498.3
13716000;689.5
13726800;256.3
13737600;40.7
13748400;0.0
13759200;2790.5
13770000;435.3
13780800;461.7
13791600;284.7
13802400;3103.7
13813200;730.2
13824000;40.7
13834800;0.0
13845600;2711.2
13856400;447.5
13867200;663.0
13878000;353.9
13888800;378.3
13899600;368.1
13910400;0.0
13921200;0.0
13932000;227.8
13942800;528.8
13953600;827.8
13964400;813.6
13975200;756.6
13986000;445.4
13996800;665.1
14007600;528.8
14018400;215.6
14029200;488.1
14040000;555.3
14050800;907.1
14061600;40.7
14072400;677.3
14083200;219.7
14094000;0.0
14104800;26.4
14115600;40.7
14126400;516.6
14137200;258.3
14148000;368.1
14158800;935.6
14169600;0.0
14180400;0.0
14191200;1047.5
14202000;339.7
14212800;949.8
14223600;663.0
14234400;1492.9
14245200;394.6
14256000;54.9
14266800;0.0
14277600;447.5
14288400;1830.5
14299200;772.9
14310000;557.3
14320800;270.5
14331600;1043.4
14342400;0.0
14353200;0.0
14364000;2524.1
14374800;514.6
14385600;608.1
14396400;313.2
14407200;543.0
14418000;1328.1
14428800;136.3
14439600;0.0
14450400;1059.7
14461200;1315.9
14472000;394.6
14482800;445.4
14493600;380.3
14504400;988.5
14515200;0.0
14526000;0.0
14536800;162.7
14547600;366.1
14558400;284.7
14569200;978.3
14580000;528.8
14590800;486.1
14601600;378.3
14612400;284.7
14623200;26.4
14634000;1859.0
14644800;445.4
14655600;486.1
14666400;500.3
14677200;215.6
14688000;54.9
14698800;0.0
14709600;0.0
14720400;433.2
14731200;880.7
14742000;947.8
14752800;284.7
14763600;1071.9
14774400;0.0
14785200;0.0
14796000;543.0
14806800;162.7
14817600;392.5
14828400;516.6
14839200;457.6
14850000;394.6
14860800;0.0
14871600;81.4
14882400;93.6
14893200;933.6
14904000;315.3
14914800;419.0
14925600;447.5
14936400;500.3
14947200;14.2
14958000;0.0
14968800;569.5
14979600;650.8
14990400;299.0
15001200;612.2
15012000;488.1
15022800;284.7
15033600;203.4
15044400;0.0
15055200;244.1
15066000;353.9
15076800;97.6
15087600;541.0
15098400;502.4
15109200;514.6
15120000;0.0
15130800;0.0
15141600;406.8
15152400;571.5
15163200;95.6
15174000;341.7
15184800;260.3
15195600;490.2
15206400;569.5
15217200;526.8
15228000;174.9
15238800;691.5
15249600;423.0
15260400;758.6
15271200;52.9
15282000;539.0
15292800;394.6
15303600;0.0
15314400;40.7
15325200;81.4
15336000;299.0
15346800;583.7
15357600;244.1
15368400;490.2
15379200;0.0
15390000;0.0
15400800;502.4
15411600;67.1
15422400;231.9
15433200;435.3
15444000;650.8
15454800;707.8
15465600;122.0
15476400;14.2
15487200;325.4
15498000;866.4
15508800;1059.7
15519600;435.3
15530400;679.3
15541200;748.5
15552000;14.2
15562800;0.0
15573600;866.4
15584400;294.9
15595200;679.3
15606000;284.7
15616800;325.4
15627600;311.2
15638400;502.4
15649200;0.0
15660000;394.6
15670800;406.8
15681600;758.6
15692400;598.0
15703200;392.5
15714000;205.4
15724800;0.0
15735600;0.0
15746400;907.1
15757200;785.1
15768000;445.4
15778800;840.0
15789600;351.9
15800400;648.8
15811200;909.1
15822000;313.2
15832800;122.0
15843600;244.1
15854400;962.0
15865200;624.4
15876000;52.9
15886800;585.8
15897600;231.9
15908400;0.0
15919200;0.0
15930000;122.0
15940800;433.2
15951600;1570.2
15962400;530.8
15973200;608.1
15984000;0.0
15994800;0.0
16005600;179.0
16016400;406.8
16027200;217.6
16038000;284.7
16048800;650.8
16059600;217.6
16070400;0.0
16081200;0.0
16092000;595.9
16102800;528.8
16113600;665.1
16124400;353.9
16135200;541.0
16146000;1043.4
16156800;26.4
16167600;0.0
16178400;2481.3
16189200;530.8
16200000;663.0
16210800;746.4
16221600;744.4
16232400;366.1
16243200;545.1
16254000;0.0
16264800;447.5
16275600;707.8
16286400;408.8
16297200;339.7
16308000;471.9
16318800;921.4
16329600;0.0
16340400;0.0
16351200;2253.5
16362000;514.6
16372800;301.0
16383600;516.6
16394400;882.7
16405200;488.1
16416000;227.8
16426800;406.8
16437600;162.7
16448400;705.8
16459200;2131.5
16470000;463.7
16480800;187.1
16491600;567.5
16502400;26.4
16513200;0.0
16524000;0.0
16534800;543.0
16545600;325.4
16556400;813.6
16567200;339.7
16578000;526.8
16588800;0.0
16599600;0.0
16610400;256.3
16621200;217.6
16632000;774.9
16642800;461.7
16653600;148.5
16664400;543.0
16675200;26.4
16686000;0.0
16696800;203.4
16707600;705.8
16718400;244.1
16729200;2495.6
16740000;705.8
16750800;368.1
16761600;14.2
16772400;0.0
16783200;557.3
16794000;758.6
16804800;286.8
16815600;528.8
16826400;313.2
16837200;421.0
16848000;162.7
16858800;0.0
16869600;179.0
16880400;160.7
16891200;866.4
16902000;504.4
16912800;162.7
16923600;610.2
16934400;0.0
16945200;0.0
16956000;667.1
16966800;892.9
16977600;286.8
16988400;447.5
16999200;421.0
17010000;650.8
17020800;815.6
17031600;964.1
17042400;122.0
17053200;530.8
17064000;854.2
17074800;935.6
17085600;378.3
17096400;502.4
17107200;95.6
17118000;0.0
17128800;28.5
17139600;256.3
17150400;634.6
17161200;299.0
17172000;164.7
17182800;498.3
17193600;0.0
17204400;0.0
17215200;109.8
17226000;231.9
17236800;543.0
17247600;366.1
17258400;380.3
17269200;437.3
17280000;0.0
17290800;95.6
17301600;530.8
17312400;394.6
17323200;1029.1
17334000;258.3
17344800;1234.6
17355600;691.5
17366400;366.1
17377200;0.0
17388000;947.8
17398800;703.7
17409600;665.1
17420400;351.9
17431200;406.8
17442000;634.6
17452800;433.2
17463600;0.0
17474400;404.7
17485200;296.9
17496000;640.7
17506800;502.4
17517600;301.0
17528400;311.2
17539200;0.0
17550000;0.0
17560800;988.5
17571600;191.2
17582400;557.3
17593200;203.4
17604000;543.0
17614800;626.4
17625600;567.5
17636400;286.8
17647200;40.7
17658000;746.4
17668800;1098.3
17679600;447.5
17690400;473.9
17701200;449.5
17712000;339.7
17722800;0.0
17733600;0.0
17744400;189.2
17755200;648.8
17766000;569.5
17776800;650.8
17787600;693.6
17798400;0.0
17809200;0.0
17820000;148.5
17830800;311.2
17841600;83.4
17852400;136.3
17863200;610.2
17874000;419.0
17884800;26.4
17895600;52.9
17906400;435.3
17917200;528.8
17928000;423.0
17938800;760.7
17949600;299.0
17960400;394.6
17971200;0.0
17982000;0.0
17992800;67.1
18003600;530.8
18014400;461.7
18025200;595.9
18036000;174.9
18046800;705.8
18057600;150.5
18068400;0.0
18079200;284.7
18090000;191.2
18100800;612.2
18111600;486.1
18122400;351.9
18133200;435.3
18144000;0.0
18154800;0.0
18165600;528.8
18176400;608.1
18187200;569.5
18198000;351.9
18208800;571.5
18219600;364.1
18230400;679.3
18241200;378.3
18252000;162.7
18262800;473.9
18273600;378.3
18284400;638.6
18295200;229.8
18306000;665.1
18316800;105.8
18327600;0.0
18338400;26.4
18349200;296.9
18360000;299.0
18370800;652.9
18381600;313.2
18392400;150.5
18403200;0.0
18414000;0.0
18424800;272.5
18435600;231.9
18446400;419.0
18457200;612.2
18468000;299.0
18478800;404.7
18489600;0.0
18500400;650.8
18511200;842.0
18522000;447.5
18532800;1084.1
18543600;718.0
18554400;353.9
18565200;3067.1
18576000;95.6
18586800;0.0
18597600;870.5
18608400;921.4
18619200;661.0
18630000;787.1
18640800;528.8
18651600;693.6
18662400;215.6
18673200;0.0
18684000;423.0
18694800;394.6
18705600;569.5
18716400;840.0
18727200;435.3
18738000;650.8
18748800;0.0
18759600;0.0
18770400;1002.7
18781200;337.6
18792000;866.4
18802800;748.5
18813600;937.6
18824400;282.7
18835200;622.4
18846000;215.6
18856800;162.7
18867600;679.3
18878400;1139.0
18889200;648.8
18900000;555.3
18910800;1407.5
18921600;229.8
18932400;0.0
18943200;0.0
18954000;270.5
18964800;760.7
18975600;205.4
18986400;299.0
18997200;404.7
19008000;0.0
19018800;0.0
19029600;311.2
19040400;406.8
19051200;746.4
19062000;705.8
19072800;378.3
19083600;488.1
19094400;14.2
19105200;0.0
19116000;746.4
19126800;136.3
19137600;461.7
19148400;626.4
19159200;502.4
19170000;394.6
19180800;14.2
19191600;0.0
19202400;595.9
19213200;337.6
19224000;557.3
19234800;598.0
19245600;583.7
19256400;201.4
19267200;720.0
19278000;0.0
19288800;421.0
19299600;176.9
19310400;1177.6
19321200;189.2
19332000;787.1
19342800;663.0
19353600;0.0
19364400;0.0
19375200;325.4
19386000;500.3
19396800;691.5
19407600;760.7
19418400;801.4
19429200;799.3
19440000;191.2
19450800;663.0
19461600;244.1
19472400;435.3
19483200;526.8
19494000;421.0
19504800;215.6
19515600;663.0
19526400;459.7
19537200;0.0
19548000;0.0
19558800;189.2
19569600;502.4
19580400;502.4
19591200;258.3
19602000;327.5
19612800;0.0
19623600;0.0
19634400;447.5
19645200;703.7
19656000;435.3
19666800;600.0
19677600;677.3
19688400;624.4
19699200;162.7
19710000;81.4
19720800;406.8
19731600;490.2
19742400;567.5
19753200;569.5
19764000;313.2
19774800;746.4
19785600;189.2
19796400;0.0
19807200;1179.7
19818000;270.5
19828800;191.2
19839600;54.9
19850400;256.3
19861200;435.3
19872000;284.7
19882800;0.0
19893600;433.2
19904400;191.2
19915200;526.8
19926000;107.8
19936800;284.7
19947600;636.6
19958400;0.0
19969200;0.0
19980000;339.7
19990800;311.2
20001600;435.3
20012400;421.0
20023200;787.1
20034000;543.0
20044800;854.2
20055600;406.8
20066400;217.6
20077200;663.0
20088000;557.3
20098800;270.5
20109600;296.9
20120400;514.6
20131200;299.0
20142000;0.0
20152800;0.0
20163600;28.5
20174400;272.5
20185200;488.1
20196000;1112.5
20206800;579.7
20217600;0.0
20228400;0.0
20239200;543.0
20250000;40.7
20260800;718.0
20271600;502.4
20282400;624.4
20293200;842.0
20304000;14.2
20314800;14.2
20325600;270.5
20336400;447.5
20347200;541.0
20358000;612.2
20368800;447.5
20379600;679.3
20390400;54.9
20401200;0.0
20412000;404.7
20422800;394.6
20433600;705.8
20444400;217.6
20455200;445.4
20466000;921.4
20476800;203.4
20487600;0.0
20498400;231.9
20509200;488.1
20520000;256.3
20530800;856.3
20541600;732.2
20552400;475.9
20563200;0.0
20574000;0.0
20584800;638.6
20595600;419.0
20606400;581.7
20617200;217.6
20628000;189.2
20638800;339.7
20649600;313.2
20660400;449.5
20671200;14.2
20682000;555.3
20692800;612.2
20703600;770.8
20714400;95.6
20725200;679.3
20736000;258.3
20746800;0.0
20757600;244.1
20768400;107.8
20779200;856.3
20790000;675.3
20800800;541.0
20811600;421.0
20822400;0.0
20833200;0.0
20844000;760.7
20854800;475.9
20865600;734.2
20876400;695.6
20887200;2888.1
20898000;555.3
20908800;0.0
20919600;162.7
20930400;270.5
20941200;272.5
20952000;337.6
20962800;1981.0
20973600;1956.6
20984400;447.5
20995200;0.0
21006000;0.0
21016800;189.2
21027600;718.0
21038400;270.5
21049200;419.0
21060000;270.5
21070800;349.8
21081600;134.2
21092400;0.0
21103200;624.4
21114000;949.8
21124800;772.9
21135600;203.4
21146400;337.6
21157200;122.0
21168000;0.0
21178800;0.0
21189600;339.7
21200400;539.0
21211200;406.8
21222000;449.5
21232800;475.9
21243600;313.2
21254400;315.3
21265200;284.7
21276000;14.2
21286800;260.3
21297600;256.3
21308400;215.6
21319200;327.5
21330000;325.4
21340800;122.0
21351600;0.0
21362400;0.0
21373200;366.1
21384000;244.1
21394800;598.0
21405600;423.0
21416400;608.1
21427200;0.0
21438000;0.0
21448800;205.4
21459600;339.7
21470400;896.9
21481200;488.1
21492000;296.9
21502800;296.9
21513600;14.2
21524400;0.0
21535200;325.4
21546000;512.5
21556800;473.9
21567600;299.0
21578400;569.5
21589200;600.0
21600000;0.0
21610800;0.0
21621600;148.5
21632400;203.4
21643200;909.1
21654000;368.1
21664800;892.9
21675600;612.2
21686400;353.9
21697200;0.0
21708000;500.3
21718800;962.0
21729600;774.9
21740400;663.0
21751200;650.8
21762000;445.4
21772800;0.0
21783600;0.0
21794400;569.5
21805200;2170.2
21816000;370.2
21826800;435.3
21837600;394.6
21848400;404.7
21859200;598.0
21870000;423.0
21880800;258.3
21891600;581.7
21902400;799.3
21913200;514.6
21924000;54.9
21934800;176.9
21945600;42.7
21956400;0.0
21967200;0.0
21978000;109.8
21988800;634.6
21999600;341.7
22010400;966.1
22021200;581.7
22032000;0.0
22042800;0.0
22053600;272.5
22064400;2440.7
22075200;595.9
22086000;378.3
22096800;675.3
22107600;475.9
22118400;162.7
22129200;26.4
22140000;799.3
22150800;555.3
22161600;349.8
22172400;201.4
22183200;419.0
22194000;449.5
22204800;26.4
22215600;0.0
22226400;648.8
22237200;502.4
22248000;311.2
22258800;191.2
22269600;2424.4
22280400;382.4
22291200;351.9
22302000;0.0
22312800;701.7
22323600;1000.7
22334400;69.2
22345200;663.0
22356000;1356.6
22366800;256.3
22377600;0.0
22388400;0.0
22399200;772.9
22410000;502.4
22420800;299.0
22431600;419.0
22442400;378.3
22453200;583.7
22464000;703.7
22474800;229.8
22485600;40.7
22496400;894.9
22507200;1019.0
22518000;581.7
22528800;378.3
22539600;229.8
22550400;530.8
22561200;0.0
22572000;40.7
22582800;461.7
22593600;652.9
22604400;299.0
22615200;296.9
22626000;325.4
22636800;0.0
22647600;0.0
22658400;229.8
22669200;313.2
22680000;404.7
22690800;516.6
22701600;136.3
22712400;842.0
22723200;0.0
22734000;81.4
22744800;543.0
22755600;272.5
22766400;634.6
22777200;935.6
22788000;746.4
22798800;176.9
22809600;26.4
22820400;0.0
22831200;294.9
22842000;353.9
22852800;583.7
22863600;545.1
22874400;268.5
22885200;1045.4
22896000;54.9
22906800;0.0
22917600;772.9
22928400;421.0
22939200;528.8
22950000;567.5
22960800;246.1
22971600;229.8
22982400;0.0
22993200;0.0
23004000;528.8
23014800;543.0
23025600;661.0
23036400;801.4
23047200;610.2
23058000;2398.0
23068800;1139.0
23079600;311.2
23090400;0.0
23101200;947.8
23112000;732.2
23122800;256.3
23133600;67.1
23144400;610.2
23155200;40.7
23166000;0.0
23176800;189.2
23187600;191.2
23198400;935.6
23209200;705.8
23220000;311.2
23230800;557.3
23241600;0.0
23252400;0.0
23263200;95.6
23274000;258.3
23284800;284.7
23295600;152.5
23306400;351.9
23317200;583.7
23328000;0.0
23338800;0.0
23349600;217.6
23360400;516.6
23371200;581.7
23382000;679.3
23392800;150.5
23403600;284.7
23414400;26.4
23425200;0.0
23436000;203.4
23446800;421.0
23457600;500.3
23468400;244.1
23479200;488.1
23490000;1057.6
23500800;217.6
23511600;0.0
23522400;705.8
23533200;988.5
23544000;667.1
23554800;244.1
23565600;109.8
23576400;473.9
23587200;0.0
23598000;0.0
23608800;557.3
23619600;528.8
23630400;785.1
23641200;567.5
23652000;313.2
23662800;691.5
23673600;744.4
23684400;555.3
23695200;40.7
23706000;2306.4
23716800;189.2
23727600;622.4
23738400;313.2
23749200;488.1
23760000;244.1
23770800;0.0
23781600;26.4
23792400;854.2
23803200;433.2
23814000;136.3
23824800;500.3
23835600;109.8
23846400;0.0
23857200;0.0
23868000;1002.7
23878800;473.9
23889600;353.9
23900400;703.7
23911200;270.5
23922000;382.4
23932800;0.0
23943600;189.2
23954400;990.5
23965200;406.8
23976000;557.3
23986800;272.5
23997600;1151.2
24008400;219.7
24019200;122.0
24030000;0.0
24040800;406.8
24051600;539.0
24062400;701.7
24073200;555.3
24084000;299.0
24094800;284.7
24105600;378.3
24116400;0.0
24127200;229.8
24138000;176.9
24148800;598.0
24159600;543.0
24170400;229.8
24181200;244.1
24192000;0.0
24202800;0.0
24213600;162.7
24224400;526.8
24235200;313.2
24246000;665.1
24256800;787.1
24267600;1004.7
24278400;744.4
24289200;478.0
24300000;95.6
24310800;189.2
24321600;732.2
24332400;1110.5
24343200;296.9
24354000;164.7
24364800;0.0
24375600;0.0
24386400;40.7
24397200;2385.8
24408000;203.4
24418800;1029.1
24429600;677.3
24440400;557.3
24451200;0.0
24462000;0.0
24472800;162.7
24483600;95.6
24494400;445.4
24505200;652.9
24516000;1464.4
24526800;624.4
24537600;14.2
24548400;0.0
24559200;787.1
24570000;1004.7
24580800;691.5
24591600;323.4
24602400;980.3
24613200;435.3
24624000;14.2
24634800;0.0
24645600;2357.3
24656400;390.5
24667200;545.1
24678000;301.0
24688800;919.3
24699600;404.7
24710400;299.0
24721200;0.0
24732000;1043.4
24742800;528.8
24753600;530.8
24764400;341.7
24775200;502.4
24786000;504.4
24796800;0.0
24807600;0.0
24818400;447.5
24829200;638.6
24840000;559.3
24850800;286.8
24861600;543.0
24872400;1069.8
24883200;486.1
24894000;313.2
24904800;83.4
24915600;325.4
24926400;378.3
24937200;789.1
24948000;231.9
24958800;256.3
24969600;164.7
24980400;0.0
24991200;14.2
25002000;69.2
25012800;421.0
25023600;490.2
25034400;2400.0
25045200;233.9
25056000;0.0
25066800;0.0
25077600;120.0
25088400;284.7
25099200;705.8
25110000;689.5
25120800;366.1
25131600;514.6
25142400;0.0
25153200;14.2
25164000;136.3
25174800;437.3
25185600;176.9
25196400;870.5
25207200;2566.8
25218000;787.1
25228800;95.6
25239600;0.0
25250400;705.8
25261200;174.9
25272000;176.9
25282800;366.1
25293600;299.0
25304400;797.3
25315200;203.4
25326000;0.0
25336800;176.9
25347600;543.0
25358400;488.1
25369200;351.9
25380000;488.1
25390800;705.8
25401600;0.0
25412400;0.0
25423200;595.9
25434000;443.4
25444800;1220.3
25455600;1043.4
25466400;351.9
25477200;923.4
25488000;445.4
25498800;229.8
25509600;26.4
25520400;947.8
25531200;543.0
25542000;514.6
25552800;52.9
25563600;911.2
25574400;392.5
25585200;0.0
25596000;26.4
25606800;392.5
25617600;636.6
25628400;231.9
25639200;311.2
25650000;571.5
25660800;0.0
25671600;0.0
25682400;459.7
25693200;54.9
25704000;679.3
25714800;461.7
25725600;610.2
25736400;1084.1
25747200;0.0
25758000;28.5
25768800;569.5
25779600;327.5
25790400;705.8
25801200;758.6
25812000;219.7
25822800;339.7
25833600;134.2
25844400;0.0
25855200;772.9
25866000;282.7
25876800;610.2
25887600;270.5
25898400;1057.6
25909200;1045.4
25920000;26.4
25930800;0.0
25941600;492.2
25952400;962.0
25963200;201.4
25974000;231.9
25984800;459.7
25995600;380.3
26006400;0.0
26017200;0.0
26028000;909.1
26038800;205.4
26049600;349.8
26060400;691.5
26071200;461.7
26082000;744.4
26092800;473.9
26103600;81.4
26114400;14.2
26125200;380.3
26136000;433.2
26146800;296.9
26157600;1993.2
26168400;341.7
26179200;366.1
26190000;0.0
26200800;162.7
26211600;231.9
26222400;1206.1
26233200;189.2
26244000;299.0
26254800;530.8
26265600;0.0
26276400;0.0
26287200;40.7
26298000;392.5
26308800;742.4
26319600;1177.6
26330400;1128.8
26341200;421.0
26352000;0.0
26362800;14.2
26373600;2562.7
26384400;636.6
26395200;543.0
26406000;341.7
26416800;595.9
26427600;2469.1
26438400;14.2
26449200;0.0
26460000;2794.6
26470800;636.6
26481600;878.6
26492400;162.7
26503200;270.5
26514000;1100.3
26524800;79.3
26535600;0.0
26546400;404.7
26557200;718.0
26568000;557.3
26578800;459.7
26589600;1153.2
26600400;339.7
26611200;0.0
26622000;0.0
26632800;636.6
26643600;593.9
26654400;461.7
26665200;543.0
26676000;258.3
26686800;502.4
26697600;907.1
26708400;703.7
26719200;69.2
26730000;475.9
26740800;758.6
26751600;569.5
26762400;191.2
26773200;583.7
26784000;69.2
26794800;0.0
26805600;0.0
26816400;42.7
26827200;282.7
26838000;219.7
26848800;406.8
26859600;569.5
26870400;0.0
26881200;0.0
26892000;244.1
26902800;459.7
26913600;406.8
26924400;1275.2
26935200;516.6
26946000;907.1
26956800;0.0
26967600;26.4
26978400;1031.2
26989200;705.8
27000000;1055.6
27010800;555.3
27021600;1261.0
27032400;366.1
27043200;14.2
27054000;0.0
27064800;746.4
27075600;636.6
27086400;408.8
27097200;284.7
27108000;2629.8
27118800;325.4
27129600;148.5
27140400;0.0
27151200;835.9
27162000;799.3
27172800;421.0
27183600;811.5
27194400;947.8
27205200;433.2
27216000;0.0
27226800;0.0
27237600;282.7
27248400;435.3
27259200;598.0
27270000;543.0
27280800;1261.0
27291600;581.7
27302400;394.6
27313200;2005.4
27324000;14.2
27334800;229.8
27345600;502.4
27356400;868.5
27367200;351.9
27378000;799.3
27388800;107.8
27399600;0.0
27410400;26.4
27421200;301.0
27432000;215.6
27442800;231.9
27453600;244.1
27464400;663.0
27475200;0.0
27486000;0.0
27496800;284.7
27507600;2534.2
27518400;880.7
27529200;217.6
27540000;449.5
27550800;842.0
27561600;81.4
27572400;28.5
27583200;219.7
27594000;610.2
27604800;598.0
27615600;1073.9
27626400;514.6
27637200;650.8
27648000;0.0
27658800;0.0
27669600;1993.2
27680400;813.6
27691200;370.2
27702000;380.3
27712800;244.1
27723600;244.1
27734400;189.2
27745200;0.0
27756000;636.6
27766800;691.5
27777600;852.2
27788400;557.3
27799200;394.6
27810000;636.6
27820800;0.0
27831600;0.0
27842400;471.9
27853200;459.7
27864000;394.6
27874800;1084.1
27885600;787.1
27896400;392.5
27907200;404.7
27918000;284.7
27928800;176.9
27939600;801.4
27950400;179.0
27961200;296.9
27972000;52.9
27982800;813.6
27993600;54.9
28004400;0.0
28015200;0.0
28026000;189.2
28036800;1165.4
28047600;435.3
28058400;514.6
28069200;229.8
28080000;0.0
28090800;0.0
28101600;663.0
28112400;56.9
28123200;368.1
28134000;648.8
28144800;516.6
28155600;624.4
28166400;0.0
28177200;0.0
28188000;1057.6
28198800;394.6
28209600;378.3
28220400;136.3
28231200;176.9
28242000;718.0
28252800;191.2
28263600;0.0
28274400;2263.7
28285200;120.0
28296000;530.8
28306800;311.2
28317600;516.6
28328400;408.8
28339200;337.6
28350000;0.0
28360800;1016.9
28371600;83.4
28382400;1004.7
28393200;815.6
28404000;79.3
28414800;461.7
28425600;0.0
28436400;0.0
28447200;1139.0
28458000;473.9
28468800;425.1
28479600;473.9
28490400;500.3
28501200;988.5
28512000;872.5
28522800;463.7
28533600;40.7
28544400;1208.1
28555200;2357.3
28566000;286.8
28576800;203.4
28587600;705.8
28598400;201.4
28609200;0.0
28620000;0.0
28630800;205.4
28641600;378.3
28652400;516.6
28663200;229.8
28674000;67.1
28684800;0.0
28695600;0.0
28706400;205.4
28717200;299.0
28728000;364.1
28738800;878.6
28749600;296.9
28760400;408.8
28771200;0.0
28782000;162.7
28792800;313.2
28803600;923.4
28814400;205.4
28825200;624.4
28836000;705.8
28846800;335.6
28857600;215.6
28868400;0.0
28879200;325.4
28890000;840.0
28900800;567.5
28911600;134.2
28922400;557.3
28933200;2373.5
28944000;406.8
28954800;0.0
28965600;353.9
28976400;573.6
28987200;447.5
28998000;437.3
29008800;565.4
29019600;636.6
29030400;0.0
29041200;0.0
29052000;530.8
29062800;514.6
29073600;205.4
29084400;419.0
29095200;667.1
29106000;392.5
29116800;215.6
29127600;339.7
29138400;406.8
29149200;1112.5
29160000;880.7
29170800;622.4
29181600;26.4
29192400;1112.5
29203200;95.6
29214000;0.0
29224800;95.6
29235600;2387.8
29246400;624.4
29257200;555.3
29268000;746.4
29278800;516.6
29289600;0.0
29300400;0.0
29311200;52.9
29322000;394.6
29332800;636.6
29343600;1151.2
29354400;404.7
29365200;1141.0
29376000;189.2
29386800;14.2
29397600;691.5
29408400;581.7
29419200;353.9
29430000;270.5
29440800;1275.2
29451600;622.4
29462400;0.0
29473200;0.0
29484000;366.1
29494800;514.6
29505600;327.5
29516400;217.6
29527200;1110.5
29538000;339.7
29548800;366.1
29559600;0.0
29570400;528.8
29581200;423.0
29592000;380.3
29602800;81.4
29613600;421.0
29624400;512.5
29635200;0.0
29646000;0.0
29656800;730.2
29667600;313.2
29678400;421.0
29689200;689.5
29700000;1086.1
29710800;557.3
29721600;1114.6
29732400;95.6
29743200;258.3
29754000;909.1
29764800;435.3
29775600;894.9
29786400;1924.1
29797200;744.4
29808000;176.9
29818800;0.0
29829600;69.2
29840400;28.5
29851200;3608.1
29862000;518.6
29872800;162.7
29883600;217.6
29894400;0.0
29905200;0.0
29916000;341.7
29926800;608.1
29937600;421.0
29948400;433.2
29959200;189.2
29970000;799.3
29980800;81.4
29991600;26.4
30002400;176.9
30013200;1059.7
30024000;718.0
30034800;622.4
30045600;884.7
30056400;488.1
30067200;95.6
30078000;0.0
30088800;583.7
30099600;313.2
30110400;394.6
30121200;162.7
30132000;675.3
30142800;349.8
30153600;311.2
30164400;0.0
30175200;500.3
30186000;270.5
30196800;732.2
30207600;313.2
30218400;488.1
30229200;732.2
30240000;0.0
30250800;0.0
30261600;573.6
30272400;203.4
30283200;152.5
30294000;366.1
30304800;882.7
30315600;760.7
30326400;557.3
30337200;120.0
30348000;107.8
30358800;179.0
30369600;598.0
30380400;366.1
30391200;433.2
30402000;433.2
30412800;109.8
30423600;0.0
30434400;2088.8
30445200;40.7
30456000;638.6
30466800;229.8
30477600;299.0
30488400;610.2
30499200;0.0
30510000;0.0
30520800;299.0
30531600;162.7
30542400;894.9
30553200;526.8
30564000;541.0
30574800;323.4
30585600;0.0
30596400;14.2
30607200;475.9
30618000;421.0
30628800;608.1
30639600;539.0
30650400;976.3
30661200;325.4
30672000;95.6
30682800;0.0
30693600;337.6
30704400;825.8
30715200;720.0
30726000;189.2
30736800;461.7
30747600;951.9
30758400;366.1
30769200;0.0
30780000;770.8
30790800;1014.9
30801600;134.2
30812400;81.4
30823200;2304.4
30834000;380.3
30844800;0.0
30855600;0.0
30866400;530.8
30877200;419.0
30888000;856.3
30898800;624.4
30909600;557.3
30920400;923.4
30931200;636.6
30942000;567.5
30952800;0.0
30963600;1151.2
30974400;1019.0
30985200;268.5
30996000;366.1
31006800;353.9
31017600;229.8
31028400;0.0
31039200;81.4
31050000;148.5
31060800;648.8
31071600;553.2
31082400;923.4
31093200;351.9
31104000;0.0
31114800;0.0
31125600;14.2
31136400;311.2
31147200;650.8
31158000;203.4
31168800;986.4
31179600;555.3
31190400;0.0
31201200;0.0
31212000;378.3
31222800;677.3
31233600;557.3
31244400;150.5
31255200;471.9
31266000;583.7
31276800;26.4
31287600;0.0
31298400;705.8
31309200;516.6
31320000;650.8
31330800;150.5
31341600;150.5
31352400;516.6
31363200;581.7
31374000;0.0
31384800;744.4
31395600;459.7
31406400;366.1
31417200;500.3
31428000;502.4
31438800;54.9
31449600;0.0
31460400;0.0
31471200;461.7
31482000;827.8
31492800;691.5
31503600;718.0
31514400;282.7
31525200;530.8
