#1
double data(2920, 2)
0;0.0
10800;0.0
21600;217.6
32400;526.8
43200;691.5
54000;2440.7
64800;258.3
75600;217.6
86400;0.0
97200;26.4
108000;203.4
118800;0.0
129600;0.0
140400;0.0
151200;54.9
162000;134.2
172800;299.0
183600;0.0
194400;500.3
205200;231.9
216000;0.0
226800;0.0
237600;0.0
248400;0.0
259200;0.0
270000;0.0
280800;0.0
291600;705.8
302400;311.2
313200;541.0
324000;447.5
334800;935.6
345600;296.9
356400;0.0
367200;40.7
378000;459.7
388800;593.9
399600;475.9
410400;351.9
421200;323.4
432000;0.0
442800;0.0
453600;799.3
464400;608.1
475200;270.5
486000;189.2
496800;323.4
507600;339.7
518400;0.0
529200;0.0
540000;148.5
550800;1029.1
561600;2021.7
572400;176.9
583200;909.1
594000;162.7
604800;0.0
615600;0.0
626400;433.2
637200;449.5
648000;624.4
658800;272.5
669600;528.8
680400;176.9
691200;0.0
702000;0.0
712800;1816.3
723600;0.0
734400;0.0
745200;0.0
756000;256.3
766800;0.0
777600;392.5
788400;14.2
799200;95.6
810000;299.0
820800;0.0
831600;0.0
842400;0.0
853200;0.0
864000;0.0
874800;0.0
885600;0.0
896400;964.1
907200;569.5
918000;1059.7
928800;406.8
939600;435.3
950400;189.2
961200;0.0
972000;54.9
982800;461.7
993600;502.4
1004400;543.0
1015200;313.2
1026000;337.6
1036800;0.0
1047600;0.0
1058400;734.2
1069200;189.2
1080000;449.5
1090800;353.9
1101600;516.6
1112400;191.2
1123200;0.0
1134000;0.0
1144800;205.4
1155600;488.1
1166400;107.8
1177200;337.6
1188000;1206.1
1198800;351.9
1209600;0.0
1220400;0.0
1231200;392.5
1242000;811.5
1252800;380.3
1263600;677.3
1274400;461.7
1285200;406.8
1296000;0.0
1306800;0.0
1317600;107.8
1328400;0.0
1339200;0.0
1350000;162.7
1360800;325.4
1371600;189.2
1382400;52.9
1393200;0.0
1404000;203.4
1414800;394.6
1425600;0.0
1436400;0.0
1447200;0.0
1458000;0.0
1468800;0.0
1479600;0.0
1490400;0.0
1501200;2711.2
1512000;150.5
1522800;774.9
1533600;624.4
1544400;488.1
1555200;624.4
1566000;0.0
1576800;26.4
1587600;122.0
1598400;581.7
1609200;392.5
1620000;516.6
1630800;148.5
1641600;0.0
1652400;0.0
1663200;2591.2
1674000;514.6
1684800;40.7
1695600;176.9
1706400;311.2
1717200;502.4
1728000;0.0
1738800;0.0
1749600;122.0
1760400;176.9
1771200;299.0
1782000;447.5
1792800;504.4
1803600;54.9
1814400;0.0
1825200;0.0
1836000;299.0
1846800;935.6
1857600;296.9
1868400;679.3
1879200;2658.3
1890000;229.8
1900800;0.0
1911600;0.0
1922400;569.5
1933200;0.0
1944000;0.0
1954800;14.2
1965600;26.4
1976400;244.1
1987200;81.4
1998000;162.7
2008800;272.5
2019600;122.0
2030400;0.0
2041200;0.0
2052000;0.0
2062800;0.0
2073600;0.0
2084400;0.0
2095200;0.0
2106000;595.9
2116800;624.4
2127600;598.0
2138400;598.0
2149200;638.6
2160000;134.2
2170800;0.0
2181600;81.4
2192400;545.1
2203200;471.9
2214000;160.7
2224800;404.7
2235600;54.9
2246400;0.0
2257200;0.0
2268000;406.8
2278800;962.0
2289600;258.3
2300400;148.5
2311200;1016.9
2322000;353.9
2332800;0.0
2343600;0.0
2354400;203.4
2365200;67.1
2376000;390.5
2386800;368.1
2397600;81.4
2408400;2005.4
2419200;0.0
2430000;0.0
2440800;366.1
2451600;392.5
2462400;854.2
2473200;392.5
2484000;829.8
2494800;40.7
2505600;0.0
2516400;0.0
2527200;176.9
2538000;0.0
2548800;0.0
2559600;191.2
2570400;244.1
2581200;189.2
2592000;270.5
2602800;0.0
2613600;81.4
2624400;368.1
2635200;0.0
2646000;0.0
2656800;0.0
2667600;0.0
2678400;0.0
2689200;0.0
2700000;0.0
2710800;949.8
2721600;378.3
2732400;665.1
2743200;299.0
2754000;353.9
2764800;203.4
2775600;0.0
2786400;26.4
2797200;54.9
2808000;896.9
2818800;28.5
2829600;435.3
2840400;231.9
2851200;0.0
2862000;0.0
2872800;406.8
2883600;421.0
2894400;203.4
2905200;268.5
2916000;79.3
2926800;419.0
2937600;0.0
2948400;0.0
2959200;122.0
2970000;339.7
2980800;270.5
2991600;461.7
3002400;433.2
3013200;258.3
3024000;0.0
3034800;0.0
3045600;217.6
3056400;514.6
3067200;473.9
3078000;488.1
3088800;229.8
3099600;81.4
3110400;0.0
3121200;0.0
3132000;488.1
3142800;0.0
3153600;0.0
3164400;40.7
3175200;136.3
3186000;284.7
3196800;40.7
3207600;0.0
3218400;215.6
3229200;231.9
3240000;0.0
3250800;0.0
3261600;0.0
3272400;0.0
3283200;0.0
3294000;0.0
3304800;0.0
3315600;122.0
3326400;351.9
3337200;435.3
3348000;2656.3
3358800;949.8
3369600;215.6
3380400;0.0
3391200;122.0
3402000;2452.9
3412800;665.1
3423600;229.8
3434400;870.5
3445200;67.1
3456000;0.0
3466800;0.0
3477600;258.3
3488400;595.9
3499200;148.5
3510000;272.5
3520800;583.7
3531600;720.0
3542400;0.0
3553200;0.0
3564000;229.8
3574800;1261.0
3585600;705.8
3596400;329.5
3607200;380.3
3618000;138.3
3628800;0.0
3639600;0.0
3650400;270.5
3661200;368.1
3672000;421.0
3682800;502.4
3693600;2357.3
3704400;311.2
3715200;0.0
3726000;14.2
3736800;376.3
3747600;0.0
3758400;0.0
3769200;26.4
3780000;624.4
3790800;54.9
3801600;162.7
3812400;0.0
3823200;0.0
3834000;396.6
3844800;0.0
3855600;0.0
3866400;0.0
3877200;0.0
3888000;0.0
3898800;0.0
3909600;0.0
3920400;1112.5
3931200;368.1
3942000;294.9
3952800;323.4
3963600;433.2
3974400;353.9
3985200;0.0
3996000;26.4
4006800;353.9
4017600;990.5
4028400;337.6
4039200;624.4
4050000;351.9
4060800;0.0
4071600;0.0
4082400;270.5
4093200;325.4
4104000;231.9
4114800;284.7
4125600;541.0
4136400;921.4
4147200;0.0
4158000;0.0
4168800;325.4
4179600;1395.2
4190400;219.7
4201200;636.6
4212000;665.1
4222800;663.0
4233600;0.0
4244400;0.0
4255200;339.7
4266000;421.0
4276800;624.4
4287600;433.2
4298400;774.9
4309200;148.5
4320000;0.0
4330800;95.6
4341600;858.3
4352400;0.0
4363200;0.0
4374000;176.9
4384800;203.4
4395600;433.2
4406400;14.2
4417200;0.0
4428000;258.3
4438800;189.2
4449600;0.0
4460400;0.0
4471200;0.0
4482000;0.0
4492800;0.0
4503600;0.0
4514400;0.0
4525200;585.8
4536000;433.2
4546800;337.6
4557600;2670.5
4568400;907.1
4579200;380.3
4590000;0.0
4600800;81.4
4611600;868.5
4622400;1560.0
4633200;258.3
4644000;595.9
4654800;107.8
4665600;0.0
4676400;0.0
4687200;282.7
4698000;323.4
4708800;244.1
4719600;353.9
4730400;152.5
4741200;419.0
4752000;0.0
4762800;0.0
4773600;203.4
4784400;270.5
4795200;134.2
4806000;555.3
4816800;909.1
4827600;313.2
4838400;0.0
4849200;0.0
4860000;325.4
4870800;1059.7
4881600;160.7
4892400;516.6
4903200;500.3
4914000;52.9
4924800;0.0
4935600;0.0
4946400;95.6
4957200;0.0
4968000;0.0
4978800;40.7
4989600;95.6
5000400;488.1
5011200;95.6
5022000;0.0
5032800;14.2
5043600;136.3
5054400;0.0
5065200;0.0
5076000;0.0
5086800;0.0
5097600;0.0
5108400;0.0
5119200;0.0
5130000;758.6
5140800;909.1
5151600;339.7
5162400;744.4
5173200;421.0
5184000;162.7
5194800;0.0
5205600;203.4
5216400;284.7
5227200;585.8
5238000;353.9
5248800;392.5
5259600;162.7
5270400;0.0
5281200;0.0
5292000;284.7
5302800;569.5
5313600;136.3
5324400;40.7
5335200;339.7
5346000;679.3
5356800;0.0
5367600;0.0
5378400;40.7
5389200;67.1
5400000;650.8
5410800;1234.6
5421600;528.8
5432400;691.5
5443200;0.0
5454000;0.0
5464800;620.3
5475600;2249.5
5486400;964.1
5497200;648.8
5508000;323.4
5518800;109.8
5529600;0.0
5540400;0.0
5551200;2522.0
5562000;0.0
5572800;0.0
5583600;162.7
5594400;189.2
5605200;203.4
5616000;81.4
5626800;0.0
5637600;445.4
5648400;677.3
5659200;0.0
5670000;0.0
5680800;0.0
5691600;0.0
5702400;0.0
5713200;0.0
5724000;0.0
5734800;1112.5
5745600;364.1
5756400;492.2
5767200;282.7
5778000;1141.0
5788800;189.2
5799600;0.0
5810400;299.0
5821200;14.2
5832000;703.7
5842800;179.0
5853600;337.6
5864400;337.6
5875200;0.0
5886000;0.0
5896800;392.5
5907600;1299.7
5918400;433.2
5929200;2294.2
5940000;176.9
5950800;488.1
5961600;0.0
5972400;0.0
5983200;122.0
5994000;569.5
6004800;638.6
6015600;785.1
6026400;514.6
6037200;394.6
6048000;0.0
6058800;0.0
6069600;258.3
6080400;776.9
6091200;571.5
6102000;677.3
6112800;191.2
6123600;475.9
6134400;0.0
6145200;162.7
6156000;299.0
6166800;0.0
6177600;0.0
6188400;40.7
6199200;42.7
6210000;176.9
6220800;325.4
6231600;0.0
6242400;353.9
6253200;325.4
6264000;0.0
6274800;0.0
6285600;0.0
6296400;0.0
6307200;0.0
6318000;0.0
6328800;0.0
6339600;567.5
6350400;543.0
6361200;380.3
6372000;1057.6
6382800;530.8
6393600;256.3
6404400;0.0
6415200;189.2
6426000;341.7
6436800;1995.2
6447600;2101.0
6458400;355.9
6469200;351.9
6480000;0.0
6490800;0.0
6501600;174.9
6512400;311.2
6523200;0.0
6534000;394.6
6544800;406.8
6555600;677.3
6566400;0.0
6577200;0.0
6588000;351.9
6598800;231.9
6609600;691.5
6620400;272.5
6631200;1806.1
6642000;486.1
6652800;0.0
6663600;0.0
6674400;54.9
6685200;4962.7
6696000;179.0
6706800;394.6
6717600;366.1
6728400;311.2
6739200;0.0
6750000;0.0
6760800;191.2
6771600;0.0
6782400;0.0
6793200;14.2
6804000;69.2
6814800;162.7
6825600;162.7
6836400;176.9
6847200;122.0
6858000;217.6
6868800;0.0
6879600;0.0
6890400;0.0
6901200;0.0
6912000;0.0
6922800;0.0
6933600;0.0
6944400;555.3
6955200;323.4
6966000;258.3
6976800;555.3
6987600;339.7
6998400;366.1
7009200;0.0
7020000;136.3
7030800;231.9
7041600;341.7
7052400;172.9
7063200;758.6
7074000;54.9
7084800;0.0
7095600;0.0
7106400;838.0
7117200;598.0
7128000;54.9
7138800;366.1
7149600;445.4
7160400;150.5
7171200;0.0
7182000;0.0
7192800;244.1
7203600;1057.6
7214400;2684.7
7225200;1220.3
7236000;486.1
7246800;67.1
7257600;0.0
7268400;0.0
7279200;380.3
7290000;366.1
7300800;299.0
7311600;313.2
7322400;459.7
7333200;488.1
7344000;0.0
7354800;26.4
7365600;502.4
7376400;0.0
7387200;0.0
7398000;40.7
7408800;299.0
7419600;81.4
7430400;162.7
7441200;0.0
7452000;148.5
7462800;514.6
7473600;0.0
7484400;0.0
7495200;0.0
7506000;0.0
7516800;0.0
7527600;0.0
7538400;0.0
7549200;663.0
7560000;715.9
7570800;772.9
7581600;504.4
7592400;595.9
7603200;229.8
7614000;0.0
7624800;14.2
7635600;530.8
7646400;215.6
7657200;1004.7
7668000;571.5
7678800;67.1
7689600;0.0
7700400;0.0
7711200;801.4
7722000;299.0
7732800;258.3
7743600;256.3
7754400;648.8
7765200;868.5
7776000;0.0
7786800;0.0
7797600;28.5
7808400;421.0
7819200;1002.7
7830000;677.3
7840800;707.8
7851600;81.4
7862400;0.0
7873200;0.0
7884000;122.0
7894800;148.5
7905600;541.0
7916400;498.3
7927200;463.7
7938000;268.5
7948800;0.0
7959600;0.0
7970400;541.0
7981200;0.0
7992000;0.0
8002800;2060.3
8013600;162.7
8024400;176.9
8035200;122.0
8046000;0.0
8056800;2182.4
8067600;488.1
8078400;0.0
8089200;0.0
8100000;0.0
8110800;0.0
8121600;0.0
8132400;0.0
8143200;0.0
8154000;447.5
8164800;528.8
8175600;732.2
8186400;447.5
8197200;408.8
8208000;124.1
8218800;0.0
8229600;191.2
8240400;83.4
8251200;650.8
8262000;396.6
8272800;229.8
8283600;134.2
8294400;0.0
8305200;0.0
8316000;406.8
8326800;270.5
8337600;231.9
8348400;435.3
8359200;378.3
8370000;516.6
8380800;0.0
8391600;0.0
8402400;231.9
8413200;284.7
8424000;122.0
8434800;681.4
8445600;624.4
8456400;122.0
8467200;0.0
8478000;0.0
8488800;2115.2
8499600;852.2
8510400;449.5
8521200;622.4
8532000;1002.7
8542800;54.9
8553600;0.0
8564400;0.0
8575200;299.0
8586000;0.0
8596800;0.0
8607600;0.0
8618400;176.9
8629200;26.4
8640000;67.1
8650800;14.2
8661600;461.7
8672400;313.2
8683200;0.0
8694000;0.0
8704800;0.0
8715600;0.0
8726400;0.0
8737200;0.0
8748000;0.0
8758800;378.3
8769600;758.6
8780400;665.1
8791200;148.5
8802000;394.6
8812800;392.5
8823600;0.0
8834400;0.0
8845200;1031.2
8856000;679.3
8866800;286.8
8877600;595.9
8888400;79.3
8899200;0.0
8910000;0.0
8920800;1275.2
8931600;882.7
8942400;189.2
8953200;268.5
8964000;421.0
8974800;528.8
8985600;0.0
8996400;0.0
9007200;40.7
9018000;447.5
9028800;593.9
9039600;2753.9
9050400;638.6
9061200;244.1
9072000;0.0
9082800;0.0
9093600;394.6
9104400;610.2
9115200;811.5
9126000;3036.6
9136800;309.2
9147600;378.3
9158400;0.0
9169200;14.2
9180000;368.1
9190800;0.0
9201600;0.0
9212400;0.0
9223200;215.6
9234000;67.1
9244800;447.5
9255600;0.0
9266400;54.9
9277200;421.0
9288000;0.0
9298800;0.0
9309600;0.0
9320400;0.0
9331200;0.0
9342000;0.0
9352800;0.0
9363600;937.6
9374400;636.6
9385200;892.9
9396000;1275.2
9406800;81.4
9417600;0.0
9428400;0.0
9439200;95.6
9450000;270.5
9460800;555.3
9471600;569.5
9482400;608.1
9493200;67.1
9504000;0.0
9514800;0.0
9525600;136.3
9536400;475.9
9547200;339.7
9558000;284.7
9568800;541.0
9579600;571.5
9590400;0.0
9601200;0.0
9612000;69.2
9622800;502.4
9633600;610.2
9644400;339.7
9655200;56.9
9666000;284.7
9676800;0.0
9687600;0.0
9698400;366.1
9709200;896.9
9720000;408.8
9730800;555.3
9741600;191.2
9752400;258.3
9763200;0.0
9774000;0.0
9784800;138.3
9795600;0.0
9806400;0.0
9817200;0.0
9828000;54.9
9838800;514.6
9849600;109.8
9860400;0.0
9871200;191.2
9882000;595.9
9892800;0.0
9903600;0.0
9914400;0.0
9925200;0.0
9936000;0.0
9946800;0.0
9957600;0.0
9968400;638.6
9979200;543.0
9990000;665.1
10000800;608.1
10011600;665.1
10022400;284.7
10033200;0.0
10044000;0.0
10054800;2290.2
10065600;447.5
10076400;258.3
10087200;229.8
10098000;217.6
10108800;0.0
10119600;0.0
10130400;962.0
10141200;595.9
10152000;217.6
10162800;368.1
10173600;543.0
10184400;567.5
10195200;0.0
10206000;0.0
10216800;514.6
10227600;258.3
10238400;742.4
10249200;526.8
10260000;896.9
10270800;366.1
10281600;0.0
10292400;0.0
10303200;473.9
10314000;720.0
10324800;421.0
10335600;598.0
10346400;964.1
10357200;366.1
10368000;0.0
10378800;26.4
10389600;935.6
10400400;0.0
10411200;0.0
10422000;81.4
10432800;176.9
10443600;217.6
10454400;431.2
10465200;0.0
10476000;406.8
10486800;392.5
10497600;0.0
10508400;0.0
10519200;0.0
10530000;0.0
10540800;0.0
10551600;0.0
10562400;0.0
10573200;368.1
10584000;353.9
10594800;231.9
10605600;545.1
10616400;341.7
10627200;95.6
10638000;0.0
10648800;258.3
10659600;1680.0
10670400;1019.0
10681200;557.3
10692000;490.2
10702800;148.5
10713600;0.0
10724400;0.0
10735200;406.8
10746000;296.9
10756800;179.0
10767600;366.1
10778400;205.4
10789200;366.1
10800000;0.0
10810800;0.0
10821600;528.8
10832400;351.9
10843200;445.4
10854000;665.1
10864800;825.8
10875600;595.9
10886400;0.0
10897200;0.0
10908000;299.0
10918800;813.6
10929600;512.5
10940400;648.8
10951200;394.6
10962000;244.1
10972800;0.0
10983600;0.0
10994400;174.9
11005200;0.0
11016000;0.0
11026800;0.0
11037600;311.2
11048400;189.2
11059200;54.9
11070000;0.0
11080800;244.1
11091600;299.0
11102400;0.0
11113200;0.0
11124000;0.0
11134800;0.0
11145600;0.0
11156400;0.0
11167200;0.0
11178000;488.1
11188800;677.3
11199600;258.3
11210400;502.4
11221200;227.8
11232000;122.0
11242800;0.0
11253600;95.6
11264400;124.1
11275200;787.1
11286000;229.8
11296800;742.4
11307600;54.9
11318400;0.0
11329200;0.0
11340000;83.4
11350800;419.0
11361600;730.2
11372400;530.8
11383200;654.9
11394000;394.6
11404800;0.0
11415600;0.0
11426400;1139.0
11437200;840.0
11448000;634.6
11458800;2454.9
11469600;162.7
11480400;392.5
11491200;0.0
11502000;0.0
11512800;69.2
11523600;598.0
11534400;569.5
11545200;488.1
11556000;490.2
11566800;244.1
11577600;0.0
11588400;26.4
11599200;203.4
11610000;0.0
11620800;0.0
11631600;81.4
11642400;299.0
11653200;26.4
11664000;124.1
11674800;26.4
11685600;404.7
11696400;284.7
11707200;0.0
11718000;0.0
11728800;0.0
11739600;0.0
11750400;0.0
11761200;0.0
11772000;0.0
11782800;433.2
11793600;528.8
11804400;408.8
11815200;435.3
11826000;366.1
11836800;244.1
11847600;0.0
11858400;40.7
11869200;500.3
11880000;1098.3
11890800;351.9
11901600;471.9
11912400;772.9
11923200;0.0
11934000;0.0
11944800;691.5
11955600;353.9
11966400;284.7
11977200;95.6
11988000;459.7
11998800;691.5
12009600;0.0
12020400;0.0
12031200;435.3
12042000;219.7
12052800;553.2
12063600;744.4
12074400;351.9
12085200;81.4
12096000;0.0
12106800;0.0
12117600;150.5
12128400;844.1
12139200;486.1
12150000;325.4
12160800;421.0
12171600;815.6
12182400;0.0
12193200;0.0
12204000;339.7
12214800;0.0
12225600;0.0
12236400;217.6
12247200;433.2
12258000;242.0
12268800;366.1
12279600;0.0
12290400;107.8
12301200;93.6
12312000;0.0
12322800;0.0
12333600;0.0
12344400;0.0
12355200;0.0
12366000;0.0
12376800;0.0
12387600;473.9
12398400;176.9
12409200;543.0
12420000;162.7
12430800;408.8
12441600;81.4
12452400;0.0
12463200;26.4
12474000;299.0
12484800;457.6
12495600;313.2
12506400;258.3
12517200;203.4
12528000;0.0
12538800;0.0
12549600;366.1
12560400;189.2
12571200;490.2
12582000;176.9
12592800;842.0
12603600;217.6
12614400;0.0
12625200;0.0
12636000;191.2
12646800;122.0
12657600;445.4
12668400;1301.7
12679200;866.4
12690000;217.6
12700800;0.0
12711600;0.0
12722400;54.9
12733200;557.3
12744000;650.8
12754800;746.4
12765600;431.2
12776400;353.9
12787200;0.0
12798000;0.0
12808800;431.2
12819600;0.0
12830400;0.0
12841200;122.0
12852000;191.2
12862800;124.1
12873600;107.8
12884400;0.0
12895200;339.7
12906000;624.4
12916800;0.0
12927600;0.0
12938400;0.0
12949200;0.0
12960000;0.0
12970800;0.0
12981600;0.0
12992400;1612.9
13003200;122.0
13014000;270.5
13024800;219.7
13035600;665.1
13046400;447.5
13057200;0.0
13068000;40.7
13078800;1706.4
13089600;606.1
13100400;543.0
13111200;280.7
13122000;270.5
13132800;0.0
13143600;0.0
13154400;813.6
13165200;598.0
13176000;351.9
13186800;231.9
13197600;526.8
13208400;382.4
13219200;0.0
13230000;0.0
13240800;67.1
13251600;323.4
13262400;419.0
13273200;475.9
13284000;2589.1
13294800;404.7
13305600;0.0
13316400;0.0
13327200;284.7
13338000;543.0
13348800;512.5
13359600;626.4
13370400;634.6
13381200;148.5
13392000;0.0
13402800;95.6
13413600;349.8
13424400;0.0
13435200;0.0
13446000;107.8
13456800;83.4
13467600;364.1
13478400;42.7
13489200;0.0
13500000;97.6
13510800;229.8
13521600;0.0
13532400;0.0
13543200;0.0
13554000;0.0
13564800;0.0
13575600;0.0
13586400;0.0
13597200;392.5
13608000;231.9
13618800;162.7
13629600;419.0
13640400;488.1
13651200;54.9
13662000;0.0
13672800;215.6
13683600;1016.9
13694400;406.8
13705200;461.7
13716000;516.6
13726800;311.2
13737600;0.0
13748400;0.0
13759200;353.9
13770000;730.2
13780800;299.0
13791600;179.0
13802400;392.5
13813200;392.5
13824000;0.0
13834800;0.0
13845600;148.5
13856400;2345.1
13867200;193.2
13878000;1397.3
13888800;256.3
13899600;67.1
13910400;0.0
13921200;0.0
13932000;1301.7
13942800;595.9
13953600;976.3
13964400;488.1
13975200;715.9
13986000;368.1
13996800;0.0
14007600;14.2
14018400;2912.5
14029200;0.0
14040000;0.0
14050800;189.2
14061600;203.4
14072400;52.9
14083200;406.8
14094000;0.0
14104800;299.0
14115600;488.1
14126400;0.0
14137200;0.0
14148000;0.0
14158800;0.0
14169600;0.0
14180400;0.0
14191200;0.0
14202000;581.7
14212800;380.3
14223600;648.8
14234400;1014.9
14245200;339.7
14256000;67.1
14266800;0.0
14277600;244.1
14288400;502.4
14299200;962.0
14310000;624.4
14320800;201.4
14331600;461.7
14342400;0.0
14353200;0.0
14364000;284.7
14374800;951.9
14385600;406.8
14396400;406.8
14407200;1464.4
14418000;313.2
14428800;0.0
14439600;0.0
14450400;339.7
14461200;1381.0
14472000;380.3
14482800;553.2
14493600;376.3
14504400;323.4
14515200;0.0
14526000;0.0
14536800;95.6
14547600;463.7
14558400;652.9
14569200;528.8
14580000;2398.0
14590800;404.7
14601600;0.0
14612400;14.2
14623200;406.8
14634000;0.0
14644800;0.0
14655600;203.4
14666400;176.9
14677200;215.6
14688000;162.7
14698800;0.0
14709600;421.0
14720400;380.3
14731200;0.0
14742000;0.0
14752800;0.0
14763600;0.0
14774400;0.0
14785200;0.0
14796000;0.0
14806800;364.1
14817600;526.8
14828400;341.7
14839200;366.1
14850000;689.5
14860800;124.1
14871600;0.0
14882400;95.6
14893200;229.8
14904000;272.5
14914800;40.7
14925600;1139.0
14936400;176.9
14947200;0.0
14958000;0.0
14968800;258.3
14979600;557.3
14990400;284.7
15001200;624.4
15012000;2670.5
15022800;394.6
15033600;0.0
15044400;0.0
15055200;337.6
15066000;1002.7
15076800;1179.7
15087600;284.7
15098400;962.0
15109200;299.0
15120000;0.0
15130800;0.0
15141600;500.3
15152400;1641.3
15163200;585.8
15174000;475.9
15184800;622.4
15195600;296.9
15206400;0.0
15217200;0.0
15228000;150.5
15238800;0.0
15249600;0.0
15260400;14.2
15271200;691.5
15282000;162.7
15292800;189.2
15303600;0.0
15314400;337.6
15325200;543.0
15336000;0.0
15346800;0.0
15357600;0.0
15368400;0.0
15379200;0.0
15390000;0.0
15400800;0.0
15411600;705.8
15422400;406.8
15433200;284.7
15444000;772.9
15454800;528.8
15465600;231.9
15476400;0.0
15487200;14.2
15498000;624.4
15508800;622.4
15519600;349.8
15530400;514.6
15541200;69.2
15552000;0.0
15562800;0.0
15573600;679.3
15584400;679.3
15595200;217.6
15606000;69.2
15616800;785.1
15627600;870.5
15638400;0.0
15649200;0.0
15660000;40.7
15670800;555.3
15681600;366.1
15692400;366.1
15703200;380.3
15714000;543.0
15724800;0.0
15735600;0.0
15746400;701.7
15757200;473.9
15768000;433.2
15778800;258.3
15789600;650.8
15800400;162.7
15811200;0.0
15822000;0.0
15832800;392.5
15843600;0.0
15854400;0.0
15865200;40.7
15876000;461.7
15886800;107.8
15897600;311.2
15908400;0.0
15919200;81.4
15930000;26.4
15940800;0.0
15951600;0.0
15962400;0.0
15973200;0.0
15984000;0.0
15994800;0.0
16005600;0.0
16016400;583.7
16027200;406.8
16038000;1370.8
16048800;419.0
16059600;722.0
16070400;40.7
16081200;0.0
16092000;378.3
16102800;313.2
16113600;1153.2
16124400;174.9
16135200;514.6
16146000;189.2
16156800;0.0
16167600;0.0
16178400;526.8
16189200;545.1
16200000;203.4
16210800;201.4
16221600;189.2
16232400;624.4
16243200;0.0
16254000;0.0
16264800;203.4
16275600;1358.6
16286400;81.4
16297200;569.5
16308000;473.9
16318800;40.7
16329600;0.0
16340400;0.0
16351200;148.5
16362000;923.4
16372800;416.9
16383600;663.0
16394400;598.0
16405200;502.4
16416000;0.0
16426800;0.0
16437600;323.4
16448400;0.0
16459200;0.0
16470000;0.0
16480800;339.7
16491600;107.8
16502400;14.2
16513200;0.0
16524000;909.1
16534800;299.0
16545600;0.0
16556400;0.0
16567200;0.0
16578000;0.0
16588800;0.0
16599600;0.0
16610400;0.0
16621200;437.3
16632000;122.0
16642800;349.8
16653600;270.5
16664400;187.1
16675200;95.6
16686000;0.0
16696800;54.9
16707600;150.5
16718400;296.9
16729200;433.2
16740000;677.3
16750800;217.6
16761600;0.0
16772400;0.0
16783200;231.9
16794000;1019.0
16804800;69.2
16815600;42.7
16826400;2192.5
16837200;433.2
16848000;0.0
16858800;0.0
16869600;2373.5
16880400;583.7
16891200;730.2
16902000;772.9
16912800;162.7
16923600;392.5
16934400;0.0
16945200;0.0
16956000;203.4
16966800;720.0
16977600;337.6
16988400;421.0
16999200;541.0
17010000;217.6
17020800;0.0
17031600;162.7
17042400;652.9
17053200;0.0
17064000;0.0
17074800;14.2
17085600;122.0
17096400;107.8
17107200;353.9
17118000;0.0
17128800;95.6
17139600;244.1
17150400;0.0
17161200;0.0
17172000;0.0
17182800;0.0
17193600;0.0
17204400;0.0
17215200;0.0
17226000;378.3
17236800;406.8
17247600;650.8
17258400;459.7
17269200;811.5
17280000;52.9
17290800;0.0
17301600;40.7
17312400;421.0
17323200;962.0
17334000;514.6
17344800;284.7
17355600;231.9
17366400;0.0
17377200;0.0
17388000;720.0
17398800;1002.7
17409600;217.6
17420400;176.9
17431200;772.9
17442000;421.0
17452800;0.0
17463600;0.0
17474400;339.7
17485200;392.5
17496000;490.2
17506800;421.0
17517600;500.3
17528400;42.7
17539200;0.0
17550000;0.0
17560800;79.3
17571600;488.1
17582400;827.8
17593200;463.7
17604000;530.8
17614800;368.1
17625600;0.0
17636400;0.0
17647200;447.5
17658000;0.0
17668800;0.0
17679600;95.6
17690400;244.1
17701200;256.3
17712000;148.5
17722800;0.0
17733600;284.7
17744400;148.5
17755200;0.0
17766000;0.0
17776800;0.0
17787600;0.0
17798400;0.0
17809200;0.0
17820000;0.0
17830800;732.2
17841600;475.9
17852400;595.9
17863200;394.6
17874000;339.7
17884800;54.9
17895600;0.0
17906400;0.0
17917200;176.9
17928000;254.2
17938800;689.5
17949600;866.4
17960400;81.4
17971200;0.0
17982000;0.0
17992800;299.0
18003600;366.1
18014400;191.2
18025200;380.3
18036000;486.1
18046800;447.5
18057600;0.0
18068400;0.0
18079200;299.0
18090000;272.5
18100800;705.8
18111600;797.3
18122400;380.3
18133200;421.0
18144000;0.0
18154800;0.0
18165600;567.5
18176400;555.3
18187200;840.0
18198000;475.9
18208800;772.9
18219600;311.2
18230400;0.0
18241200;0.0
18252000;555.3
18262800;0.0
18273600;0.0
18284400;14.2
18295200;136.3
18306000;217.6
18316800;256.3
18327600;0.0
18338400;571.5
18349200;339.7
18360000;0.0
18370800;0.0
18381600;0.0
18392400;0.0
18403200;0.0
18414000;0.0
18424800;0.0
18435600;2019.7
18446400;471.9
18457200;339.7
18468000;516.6
18478800;473.9
18489600;231.9
18500400;0.0
18511200;40.7
18522000;229.8
18532800;2762.0
18543600;378.3
18554400;856.3
18565200;189.2
18576000;0.0
18586800;0.0
18597600;311.2
18608400;475.9
18619200;392.5
18630000;107.8
18640800;325.4
18651600;785.1
18662400;0.0
18673200;0.0
18684000;203.4
18694800;1869.1
18705600;475.9
18716400;258.3
18727200;380.3
18738000;242.0
18748800;0.0
18759600;0.0
18770400;325.4
18781200;1995.2
18792000;799.3
18802800;146.4
18813600;323.4
18824400;176.9
18835200;0.0
18846000;0.0
18856800;392.5
18867600;0.0
18878400;0.0
18889200;14.2
18900000;229.8
18910800;107.8
18921600;244.1
18932400;0.0
18943200;0.0
18954000;433.2
18964800;0.0
18975600;0.0
18986400;0.0
18997200;0.0
19008000;0.0
19018800;0.0
19029600;0.0
19040400;923.4
19051200;95.6
19062000;514.6
19072800;486.1
19083600;351.9
19094400;69.2
19105200;0.0
19116000;203.4
19126800;284.7
19137600;516.6
19148400;433.2
19159200;744.4
19170000;366.1
19180800;0.0
19191600;0.0
19202400;579.7
19213200;296.9
19224000;392.5
19234800;313.2
19245600;610.2
19256400;514.6
19267200;0.0
19278000;0.0
19288800;282.7
19299600;598.0
19310400;872.5
19321200;667.1
19332000;526.8
19342800;447.5
19353600;0.0
19364400;0.0
19375200;404.7
19386000;408.8
19396800;648.8
19407600;4259.0
19418400;892.9
19429200;892.9
19440000;0.0
19450800;14.2
19461600;423.0
19472400;0.0
19483200;0.0
19494000;217.6
19504800;95.6
19515600;229.8
19526400;52.9
19537200;0.0
19548000;351.9
19558800;107.8
19569600;0.0
19580400;0.0
19591200;0.0
19602000;0.0
19612800;0.0
19623600;0.0
19634400;0.0
19645200;459.7
19656000;868.5
19666800;364.1
19677600;136.3
19688400;557.3
19699200;189.2
19710000;0.0
19720800;14.2
19731600;718.0
19742400;475.9
19753200;349.8
19764000;598.0
19774800;339.7
19785600;0.0
19796400;0.0
19807200;622.4
19818000;730.2
19828800;311.2
19839600;164.7
19850400;650.8
19861200;244.1
19872000;0.0
19882800;0.0
19893600;81.4
19904400;148.5
19915200;2619.6
19926000;732.2
19936800;382.4
19947600;146.4
19958400;0.0
19969200;0.0
19980000;569.5
19990800;299.0
20001600;612.2
20012400;557.3
20023200;339.7
20034000;282.7
20044800;0.0
20055600;81.4
20066400;447.5
20077200;0.0
20088000;0.0
20098800;14.2
20109600;52.9
20120400;421.0
20131200;122.0
20142000;26.4
20152800;1708.5
20163600;215.6
20174400;0.0
20185200;0.0
20196000;0.0
20206800;0.0
20217600;0.0
20228400;0.0
20239200;0.0
20250000;567.5
20260800;296.9
20271600;608.1
20282400;622.4
20293200;364.1
20304000;148.5
20314800;0.0
20325600;270.5
20336400;246.1
20347200;541.0
20358000;449.5
20368800;71.2
20379600;40.7
20390400;0.0
20401200;0.0
20412000;419.0
20422800;937.6
20433600;691.5
20444400;258.3
20455200;526.8
20466000;176.9
20476800;0.0
20487600;0.0
20498400;67.1
20509200;136.3
20520000;447.5
20530800;502.4
20541600;380.3
20552400;244.1
20563200;0.0
20574000;0.0
20584800;555.3
20595600;703.7
20606400;667.1
20617200;787.1
20628000;351.9
20638800;28.5
20649600;0.0
20660400;0.0
20671200;368.1
20682000;0.0
20692800;0.0
20703600;0.0
20714400;54.9
20725200;40.7
20736000;380.3
20746800;26.4
20757600;162.7
20768400;229.8
20779200;0.0
20790000;0.0
20800800;0.0
20811600;0.0
20822400;0.0
20833200;0.0
20844000;0.0
20854800;650.8
20865600;244.1
20876400;748.5
20887200;976.3
20898000;516.6
20908800;189.2
20919600;0.0
20930400;191.2
20941200;449.5
20952000;179.0
20962800;2060.3
20973600;366.1
20984400;459.7
20995200;0.0
21006000;0.0
21016800;136.3
21027600;2534.2
21038400;2035.9
21049200;217.6
21060000;368.1
21070800;392.5
21081600;0.0
21092400;0.0
21103200;176.9
21114000;203.4
21124800;583.7
21135600;557.3
21146400;215.6
21157200;284.7
21168000;0.0
21178800;0.0
21189600;718.0
21200400;1181.7
21211200;825.8
21222000;1234.6
21232800;122.0
21243600;636.6
21254400;0.0
21265200;0.0
21276000;2493.5
21286800;0.0
21297600;0.0
21308400;162.7
21319200;69.2
21330000;229.8
21340800;392.5
21351600;26.4
21362400;81.4
21373200;543.0
21384000;0.0
21394800;0.0
21405600;0.0
21416400;0.0
21427200;0.0
21438000;0.0
21448800;0.0
21459600;569.5
21470400;286.8
21481200;353.9
21492000;229.8
21502800;421.0
21513600;541.0
21524400;0.0
21535200;40.7
21546000;150.5
21556800;2237.3
21567600;557.3
21578400;3294.9
21589200;215.6
21600000;0.0
21610800;0.0
21621600;353.9
21632400;461.7
21643200;134.2
21654000;406.8
21664800;2225.1
21675600;189.2
21686400;0.0
21697200;0.0
21708000;95.6
21718800;473.9
21729600;2483.4
21740400;541.0
21751200;488.1
21762000;581.7
21772800;0.0
21783600;0.0
21794400;148.5
21805200;569.5
21816000;500.3
21826800;325.4
21837600;557.3
21848400;81.4
21859200;0.0
21870000;162.7
21880800;215.6
21891600;0.0
21902400;0.0
21913200;26.4
21924000;40.7
21934800;2304.4
21945600;176.9
21956400;81.4
21967200;203.4
21978000;69.2
21988800;0.0
21999600;0.0
22010400;0.0
22021200;0.0
22032000;0.0
22042800;0.0
22053600;0.0
22064400;758.6
22075200;286.8
22086000;421.0
22096800;949.8
22107600;351.9
22118400;270.5
22129200;0.0
22140000;2385.8
22150800;705.8
22161600;447.5
22172400;746.4
22183200;148.5
22194000;203.4
22204800;0.0
22215600;0.0
22226400;772.9
22237200;679.3
22248000;526.8
22258800;313.2
22269600;858.3
22280400;500.3
22291200;0.0
22302000;0.0
22312800;406.8
22323600;419.0
22334400;677.3
22345200;1069.8
22356000;2766.1
22366800;124.1
22377600;0.0
22388400;0.0
22399200;502.4
22410000;201.4
22420800;624.4
22431600;543.0
22442400;762.7
22453200;150.5
22464000;0.0
22474800;0.0
22485600;378.3
22496400;0.0
22507200;0.0
22518000;95.6
22528800;488.1
22539600;0.0
22550400;26.4
22561200;81.4
22572000;268.5
22582800;380.3
22593600;0.0
22604400;0.0
22615200;0.0
22626000;0.0
22636800;0.0
22647600;0.0
22658400;0.0
22669200;313.2
22680000;203.4
22690800;758.6
22701600;772.9
22712400;541.0
22723200;67.1
22734000;0.0
22744800;40.7
22755600;1926.1
22766400;705.8
22777200;95.6
22788000;203.4
22798800;514.6
22809600;0.0
22820400;0.0
22831200;528.8
22842000;612.2
22852800;598.0
22863600;217.6
22874400;636.6
22885200;120.0
22896000;0.0
22906800;0.0
22917600;294.9
22928400;461.7
22939200;461.7
22950000;962.0
22960800;951.9
22971600;744.4
22982400;0.0
22993200;0.0
23004000;83.4
23014800;638.6
23025600;272.5
23036400;703.7
23047200;337.6
23058000;514.6
23068800;0.0
23079600;40.7
23090400;54.9
23101200;0.0
23112000;0.0
23122800;54.9
23133600;54.9
23144400;81.4
23155200;203.4
23166000;14.2
23176800;122.0
23187600;270.5
23198400;0.0
23209200;0.0
23220000;0.0
23230800;0.0
23241600;0.0
23252400;0.0
23263200;0.0
23274000;502.4
23284800;284.7
23295600;585.8
23306400;296.9
23317200;612.2
23328000;26.4
23338800;0.0
23349600;81.4
23360400;435.3
23371200;555.3
23382000;136.3
23392800;327.5
23403600;203.4
23414400;0.0
23425200;0.0
23436000;150.5
23446800;445.4
23457600;160.7
23468400;516.6
23479200;270.5
23490000;569.5
23500800;0.0
23511600;0.0
23522400;569.5
23533200;433.2
23544000;514.6
23554800;311.2
23565600;911.2
23576400;231.9
23587200;0.0
23598000;0.0
23608800;475.9
23619600;313.2
23630400;543.0
23641200;256.3
23652000;201.4
23662800;282.7
23673600;0.0
23684400;0.0
23695200;272.5
23706000;0.0
23716800;0.0
23727600;81.4
23738400;284.7
23749200;54.9
23760000;229.8
23770800;26.4
23781600;40.7
23792400;28.5
23803200;0.0
23814000;0.0
23824800;0.0
23835600;0.0
23846400;0.0
23857200;0.0
23868000;0.0
23878800;1206.1
23889600;364.1
23900400;868.5
23911200;870.5
23922000;286.8
23932800;189.2
23943600;0.0
23954400;26.4
23965200;2603.4
23976000;746.4
23986800;286.8
23997600;1179.7
24008400;270.5
24019200;0.0
24030000;0.0
24040800;392.5
24051600;461.7
24062400;244.1
24073200;526.8
24084000;502.4
24094800;124.1
24105600;0.0
24116400;0.0
24127200;756.6
24138000;242.0
24148800;1019.0
24159600;612.2
24170400;518.6
24181200;366.1
24192000;0.0
24202800;0.0
24213600;1057.6
24224400;705.8
24235200;571.5
24246000;935.6
24256800;244.1
24267600;404.7
24278400;0.0
24289200;26.4
24300000;134.2
24310800;0.0
24321600;0.0
24332400;136.3
24343200;67.1
24354000;325.4
24364800;327.5
24375600;26.4
24386400;148.5
24397200;284.7
24408000;0.0
24418800;0.0
24429600;0.0
24440400;0.0
24451200;0.0
24462000;0.0
24472800;0.0
24483600;419.0
24494400;2440.7
24505200;353.9
24516000;813.6
24526800;502.4
24537600;189.2
24548400;0.0
24559200;176.9
24570000;392.5
24580800;705.8
24591600;486.1
24602400;502.4
24613200;516.6
24624000;0.0
24634800;0.0
24645600;612.2
24656400;827.8
24667200;392.5
24678000;270.5
24688800;284.7
24699600;610.2
24710400;0.0
24721200;0.0
24732000;394.6
24742800;638.6
24753600;583.7
24764400;229.8
24775200;419.0
24786000;516.6
24796800;0.0
24807600;0.0
24818400;272.5
24829200;488.1
24840000;665.1
24850800;394.6
24861600;187.1
24872400;378.3
24883200;0.0
24894000;0.0
24904800;490.2
24915600;0.0
24926400;0.0
24937200;95.6
24948000;272.5
24958800;67.1
24969600;95.6
24980400;0.0
24991200;95.6
25002000;408.8
25012800;0.0
25023600;0.0
25034400;0.0
25045200;0.0
25056000;0.0
25066800;0.0
25077600;0.0
25088400;435.3
25099200;323.4
25110000;583.7
25120800;732.2
25131600;585.8
25142400;28.5
25153200;0.0
25164000;14.2
25174800;528.8
25185600;233.9
25196400;299.0
25207200;473.9
25218000;203.4
25228800;0.0
25239600;0.0
25250400;93.6
25261200;945.8
25272000;107.8
25282800;203.4
25293600;408.8
25304400;829.8
25315200;0.0
25326000;0.0
25336800;382.4
25347600;703.7
25358400;541.0
25369200;799.3
25380000;421.0
25390800;299.0
25401600;0.0
25412400;0.0
25423200;351.9
25434000;260.3
25444800;461.7
25455600;325.4
25466400;650.8
25477200;122.0
25488000;0.0
25498800;0.0
25509600;325.4
25520400;0.0
25531200;0.0
25542000;176.9
25552800;229.8
25563600;26.4
25574400;14.2
25585200;0.0
25596000;2753.9
25606800;351.9
25617600;0.0
25628400;0.0
25639200;0.0
25650000;0.0
25660800;0.0
25671600;0.0
25682400;0.0
25693200;301.0
25704000;81.4
25714800;677.3
25725600;392.5
25736400;382.4
25747200;650.8
25758000;0.0
25768800;28.5
25779600;242.0
25790400;608.1
25801200;718.0
25812000;461.7
25822800;286.8
25833600;0.0
25844400;0.0
25855200;282.7
25866000;378.3
25876800;28.5
25887600;337.6
25898400;610.2
25909200;148.5
25920000;0.0
25930800;0.0
25941600;380.3
25952400;378.3
25963200;189.2
25974000;896.9
25984800;325.4
25995600;815.6
26006400;0.0
26017200;0.0
26028000;284.7
26038800;215.6
26049600;528.8
26060400;475.9
26071200;1206.1
26082000;543.0
26092800;0.0
26103600;0.0
26114400;2438.6
26125200;0.0
26136000;0.0
26146800;0.0
26157600;28.5
26168400;107.8
26179200;162.7
26190000;0.0
26200800;242.0
26211600;79.3
26222400;0.0
26233200;0.0
26244000;0.0
26254800;0.0
26265600;0.0
26276400;0.0
26287200;0.0
26298000;421.0
26308800;325.4
26319600;447.5
26330400;770.8
26341200;296.9
26352000;526.8
26362800;0.0
26373600;107.8
26384400;311.2
26395200;299.0
26406000;107.8
26416800;2780.3
26427600;286.8
26438400;0.0
26449200;0.0
26460000;490.2
26470800;610.2
26481600;244.1
26492400;299.0
26503200;799.3
26514000;541.0
26524800;0.0
26535600;0.0
26546400;612.2
26557200;2153.9
26568000;258.3
26578800;585.8
26589600;286.8
26600400;162.7
26611200;0.0
26622000;0.0
26632800;337.6
26643600;368.1
26654400;557.3
26665200;815.6
26676000;451.5
26686800;81.4
26697600;0.0
26708400;0.0
26719200;244.1
26730000;0.0
26740800;0.0
26751600;231.9
26762400;270.5
26773200;215.6
26784000;26.4
26794800;0.0
26805600;203.4
26816400;488.1
26827200;0.0
26838000;0.0
26848800;0.0
26859600;0.0
26870400;0.0
26881200;0.0
26892000;0.0
26902800;2792.5
26913600;380.3
26924400;677.3
26935200;138.3
26946000;355.9
26956800;176.9
26967600;0.0
26978400;40.7
26989200;1476.6
27000000;423.0
27010800;1069.8
27021600;242.0
27032400;353.9
27043200;0.0
27054000;0.0
27064800;189.2
27075600;665.1
27086400;1438.0
27097200;461.7
27108000;583.7
27118800;650.8
27129600;0.0
27140400;0.0
27151200;54.9
27162000;337.6
27172800;516.6
27183600;707.8
27194400;785.1
27205200;109.8
27216000;0.0
27226800;0.0
27237600;52.9
27248400;571.5
27259200;176.9
27270000;433.2
27280800;1356.6
27291600;490.2
27302400;0.0
27313200;26.4
27324000;270.5
27334800;0.0
27345600;0.0
27356400;0.0
27367200;162.7
27378000;203.4
27388800;40.7
27399600;0.0
27410400;229.8
27421200;284.7
27432000;0.0
27442800;0.0
27453600;0.0
27464400;0.0
27475200;0.0
27486000;0.0
27496800;0.0
27507600;974.2
27518400;459.7
27529200;614.2
27540000;380.3
27550800;461.7
27561600;189.2
27572400;0.0
27583200;189.2
27594000;311.2
27604800;675.3
27615600;514.6
27626400;705.8
27637200;107.8
27648000;0.0
27658800;0.0
27669600;299.0
27680400;624.4
27691200;284.7
27702000;311.2
27712800;478.0
27723600;595.9
27734400;0.0
27745200;0.0
27756000;353.9
27766800;774.9
27777600;722.0
27788400;718.0
27799200;746.4
27810000;433.2
27820800;0.0
27831600;0.0
27842400;770.8
27853200;445.4
27864000;976.3
27874800;215.6
27885600;500.3
27896400;661.0
27907200;0.0
27918000;0.0
27928800;353.9
27939600;0.0
27950400;0.0
27961200;40.7
27972000;231.9
27982800;595.9
27993600;0.0
28004400;0.0
28015200;229.8
28026000;270.5
28036800;0.0
28047600;0.0
28058400;0.0
28069200;0.0
28080000;0.0
28090800;0.0
28101600;0.0
28112400;201.4
28123200;528.8
28134000;541.0
28144800;461.7
28155600;732.2
28166400;124.1
28177200;0.0
28188000;14.2
28198800;286.8
28209600;378.3
28220400;598.0
28231200;624.4
28242000;176.9
28252800;0.0
28263600;0.0
28274400;282.7
28285200;337.6
28296000;353.9
28306800;528.8
28317600;1059.7
28328400;229.8
28339200;0.0
28350000;0.0
28360800;882.7
28371600;1055.6
28382400;840.0
28393200;652.9
28404000;284.7
28414800;530.8
28425600;0.0
28436400;0.0
28447200;351.9
28458000;528.8
28468800;380.3
28479600;1368.8
28490400;353.9
28501200;270.5
28512000;0.0
28522800;0.0
28533600;301.0
28544400;0.0
28555200;0.0
28566000;26.4
28576800;774.9
28587600;162.7
28598400;54.9
28609200;0.0
28620000;79.3
28630800;164.7
28641600;0.0
28652400;0.0
28663200;0.0
28674000;0.0
28684800;0.0
28695600;0.0
28706400;0.0
28717200;419.0
28728000;585.8
28738800;380.3
28749600;246.1
28760400;286.8
28771200;134.2
28782000;0.0
28792800;54.9
28803600;256.3
28814400;1098.3
28825200;337.6
28836000;705.8
28846800;258.3
28857600;0.0
28868400;0.0
28879200;490.2
28890000;512.5
28900800;827.8
28911600;134.2
28922400;665.1
28933200;486.1
28944000;0.0
28954800;0.0
28965600;40.7
28976400;337.6
28987200;111.9
28998000;351.9
29008800;785.1
29019600;67.1
29030400;0.0
29041200;0.0
29052000;81.4
29062800;1143.0
29073600;325.4
29084400;229.8
29095200;2442.7
29106000;380.3
29116800;0.0
29127600;189.2
29138400;1545.8
29149200;0.0
29160000;0.0
29170800;54.9
29181600;270.5
29192400;162.7
29203200;124.1
29214000;14.2
29224800;189.2
29235600;624.4
29246400;0.0
29257200;0.0
29268000;0.0
29278800;0.0
29289600;0.0
29300400;0.0
29311200;0.0
29322000;392.5
29332800;364.1
29343600;311.2
29354400;368.1
29365200;829.8
29376000;40.7
29386800;0.0
29397600;28.5
29408400;380.3
29419200;894.9
29430000;461.7
29440800;866.4
29451600;203.4
29462400;0.0
29473200;0.0
29484000;179.0
29494800;543.0
29505600;2373.5
29516400;229.8
29527200;270.5
29538000;160.7
29548800;0.0
29559600;0.0
29570400;54.9
29581200;459.7
29592000;2524.1
29602800;543.0
29613600;364.1
29624400;69.2
29635200;0.0
29646000;0.0
29656800;150.5
29667600;404.7
29678400;421.0
29689200;349.8
29700000;339.7
29710800;244.1
29721600;0.0
29732400;0.0
29743200;205.4
29754000;0.0
29764800;0.0
29775600;40.7
29786400;174.9
29797200;176.9
29808000;244.1
29818800;40.7
29829600;242.0
29840400;366.1
29851200;0.0
29862000;0.0
29872800;0.0
29883600;0.0
29894400;0.0
29905200;0.0
29916000;0.0
29926800;648.8
29937600;164.7
29948400;445.4
29959200;2511.9
29970000;486.1
29980800;81.4
29991600;0.0
30002400;162.7
30013200;93.6
30024000;976.3
30034800;136.3
30045600;2371.5
30056400;81.4
30067200;0.0
30078000;0.0
30088800;394.6
30099600;380.3
30110400;325.4
30121200;526.8
30132000;2875.9
30142800;270.5
30153600;0.0
30164400;0.0
30175200;353.9
30186000;150.5
30196800;311.2
30207600;299.0
30218400;526.8
30229200;380.3
30240000;0.0
30250800;0.0
30261600;325.4
30272400;286.8
30283200;2605.4
30294000;272.5
30304800;665.1
30315600;284.7
30326400;0.0
30337200;0.0
30348000;203.4
30358800;0.0
30369600;0.0
30380400;26.4
30391200;311.2
30402000;366.1
30412800;270.5
30423600;0.0
30434400;296.9
30445200;758.6
30456000;0.0
30466800;0.0
30477600;0.0
30488400;0.0
30499200;0.0
30510000;0.0
30520800;0.0
30531600;815.6
30542400;244.1
30553200;1222.4
30564000;158.6
30574800;463.7
30585600;136.3
30596400;0.0
30607200;26.4
30618000;490.2
30628800;842.0
30639600;663.0
30650400;486.1
30661200;122.0
30672000;0.0
30682800;0.0
30693600;109.8
30704400;364.1
30715200;81.4
30726000;284.7
30736800;402.7
30747600;652.9
30758400;0.0
30769200;0.0
30780000;433.2
30790800;258.3
30801600;337.6
30812400;406.8
30823200;256.3
30834000;351.9
30844800;0.0
30855600;0.0
30866400;366.1
30877200;1031.2
30888000;459.7
30898800;1059.7
30909600;787.1
30920400;677.3
30931200;0.0
30942000;0.0
30952800;421.0
30963600;0.0
30974400;0.0
30985200;14.2
30996000;136.3
31006800;95.6
31017600;217.6
31028400;0.0
31039200;284.7
31050000;124.1
31060800;0.0
31071600;0.0
31082400;0.0
31093200;0.0
31104000;0.0
31114800;0.0
31125600;0.0
31136400;176.9
31147200;695.6
31158000;598.0
31168800;569.5
31179600;691.5
31190400;122.0
31201200;0.0
31212000;176.9
31222800;150.5
31233600;1206.1
31244400;311.2
31255200;1545.8
31266000;54.9
31276800;0.0
31287600;0.0
31298400;543.0
31309200;1667.8
31320000;205.4
31330800;392.5
31341600;612.2
31352400;1031.2
31363200;0.0
31374000;0.0
31384800;392.5
31395600;148.5
31406400;530.8
31417200;67.1
31428000;528.8
31438800;176.9
31449600;0.0
31460400;0.0
31471200;394.6
31482000;461.7
31492800;368.1
31503600;2332.9
31514400;341.7
31525200;26.4
