#1
double data(2920, 2)
0;0.0
10800;0.0
21600;421.0
32400;0.0
43200;543.0
54000;787.1
64800;272.5
75600;284.7
86400;0.0
97200;0.0
108000;95.6
118800;1004.7
129600;624.4
140400;471.9
151200;919.3
162000;282.7
172800;301.0
183600;0.0
194400;231.9
205200;26.4
216000;677.3
226800;301.0
237600;667.1
248400;244.1
259200;0.0
270000;95.6
280800;516.6
291600;801.4
302400;707.8
313200;557.3
324000;69.2
334800;258.3
345600;26.4
356400;0.0
367200;366.1
378000;339.7
388800;449.5
399600;284.7
410400;827.8
421200;703.7
432000;0.0
442800;0.0
453600;433.2
464400;447.5
475200;514.6
486000;176.9
496800;583.7
507600;380.3
518400;0.0
529200;0.0
540000;172.9
550800;311.2
561600;488.1
572400;435.3
583200;530.8
594000;205.4
604800;0.0
615600;0.0
626400;26.4
637200;0.0
648000;1029.1
658800;351.9
669600;557.3
680400;203.4
691200;107.8
702000;81.4
712800;284.7
723600;878.6
734400;3372.2
745200;353.9
756000;325.4
766800;433.2
777600;610.2
788400;0.0
799200;992.5
810000;258.3
820800;2560.7
831600;296.9
842400;148.5
853200;313.2
864000;0.0
874800;14.2
885600;486.1
896400;353.9
907200;162.7
918000;299.0
928800;189.2
939600;598.0
950400;40.7
961200;0.0
972000;95.6
982800;1383.0
993600;258.3
1004400;28.5
1015200;581.7
1026000;433.2
1036800;0.0
1047600;0.0
1058400;244.1
1069200;882.7
1080000;543.0
1090800;718.0
1101600;162.7
1112400;650.8
1123200;0.0
1134000;0.0
1144800;652.9
1155600;366.1
1166400;95.6
1177200;229.8
1188000;772.9
1198800;408.8
1209600;0.0
1220400;0.0
1231200;203.4
1242000;0.0
1252800;679.3
1263600;327.5
1274400;353.9
1285200;516.6
1296000;0.0
1306800;0.0
1317600;380.3
1328400;530.8
1339200;1275.2
1350000;2141.7
1360800;555.3
1371600;638.6
1382400;677.3
1393200;0.0
1404000;406.8
1414800;67.1
1425600;394.6
1436400;947.8
1447200;608.1
1458000;854.2
1468800;0.0
1479600;52.9
1490400;325.4
1501200;368.1
1512000;244.1
1522800;813.6
1533600;325.4
1544400;840.0
1555200;339.7
1566000;0.0
1576800;665.1
1587600;1153.2
1598400;134.2
1609200;351.9
1620000;689.5
1630800;421.0
1641600;0.0
1652400;0.0
1663200;693.6
1674000;787.1
1684800;349.8
1695600;203.4
1706400;258.3
1717200;488.1
1728000;0.0
1738800;0.0
1749600;148.5
1760400;488.1
1771200;176.9
1782000;26.4
1792800;772.9
1803600;40.7
1814400;0.0
1825200;0.0
1836000;217.6
1846800;0.0
1857600;598.0
1868400;270.5
1879200;189.2
1890000;382.4
1900800;40.7
1911600;0.0
1922400;174.9
1933200;284.7
1944000;475.9
1954800;667.1
1965600;380.3
1976400;406.8
1987200;437.3
1998000;0.0
2008800;205.4
2019600;380.3
2030400;325.4
2041200;339.7
2052000;598.0
2062800;433.2
2073600;0.0
2084400;14.2
2095200;813.6
2106000;652.9
2116800;488.1
2127600;217.6
2138400;282.7
2149200;421.0
2160000;0.0
2170800;0.0
2181600;490.2
2192400;815.6
2203200;528.8
2214000;203.4
2224800;327.5
2235600;404.7
2246400;0.0
2257200;0.0
2268000;715.9
2278800;648.8
2289600;962.0
2300400;189.2
2311200;69.2
2322000;353.9
2332800;0.0
2343600;0.0
2354400;758.6
2365200;471.9
2376000;215.6
2386800;40.7
2397600;54.9
2408400;2170.2
2419200;0.0
2430000;0.0
2440800;162.7
2451600;0.0
2462400;514.6
2473200;557.3
2484000;648.8
2494800;256.3
2505600;0.0
2516400;0.0
2527200;500.3
2538000;909.1
2548800;677.3
2559600;667.1
2570400;962.0
2581200;569.5
2592000;162.7
2602800;0.0
2613600;229.8
2624400;461.7
2635200;284.7
2646000;199.3
2656800;421.0
2667600;461.7
2678400;0.0
2689200;14.2
2700000;366.1
2710800;392.5
2721600;382.4
2732400;392.5
2743200;258.3
2754000;488.1
2764800;81.4
2775600;0.0
2786400;392.5
2797200;514.6
2808000;459.7
2818800;270.5
2829600;325.4
2840400;435.3
2851200;0.0
2862000;0.0
2872800;622.4
2883600;528.8
2894400;610.2
2905200;69.2
2916000;394.6
2926800;364.1
2937600;0.0
2948400;0.0
2959200;95.6
2970000;95.6
2980800;514.6
2991600;28.5
3002400;665.1
3013200;203.4
3024000;0.0
3034800;0.0
3045600;323.4
3056400;0.0
3067200;811.5
3078000;313.2
3088800;449.5
3099600;203.4
3110400;26.4
3121200;0.0
3132000;614.2
3142800;286.8
3153600;868.5
3164400;325.4
3175200;514.6
3186000;353.9
3196800;325.4
3207600;0.0
3218400;286.8
3229200;244.1
3240000;707.8
3250800;785.1
3261600;272.5
3272400;256.3
3283200;0.0
3294000;215.6
3304800;461.7
3315600;392.5
3326400;543.0
3337200;461.7
3348000;52.9
3358800;787.1
3369600;189.2
3380400;0.0
3391200;514.6
3402000;174.9
3412800;475.9
3423600;54.9
3434400;892.9
3445200;408.8
3456000;0.0
3466800;0.0
3477600;567.5
3488400;567.5
3499200;148.5
3510000;69.2
3520800;246.1
3531600;258.3
3542400;0.0
3553200;0.0
3564000;1665.8
3574800;122.0
3585600;473.9
3596400;26.4
3607200;286.8
3618000;351.9
3628800;0.0
3639600;0.0
3650400;339.7
3661200;0.0
3672000;339.7
3682800;746.4
3693600;2684.7
3704400;272.5
3715200;14.2
3726000;0.0
3736800;530.8
3747600;585.8
3758400;530.8
3769200;203.4
3780000;160.7
3790800;693.6
3801600;122.0
3812400;0.0
3823200;1098.3
3834000;353.9
3844800;516.6
3855600;311.2
3866400;693.6
3877200;502.4
3888000;0.0
3898800;67.1
3909600;217.6
3920400;634.6
3931200;500.3
3942000;325.4
3952800;325.4
3963600;270.5
3974400;0.0
3985200;0.0
3996000;421.0
4006800;488.1
4017600;528.8
4028400;40.7
4039200;107.8
4050000;299.0
4060800;0.0
4071600;0.0
4082400;1220.3
4093200;351.9
4104000;811.5
4114800;109.8
4125600;978.3
4136400;856.3
4147200;0.0
4158000;0.0
4168800;512.5
4179600;390.5
4190400;136.3
4201200;366.1
4212000;758.6
4222800;2170.2
4233600;0.0
4244400;0.0
4255200;337.6
4266000;0.0
4276800;622.4
4287600;229.8
4298400;581.7
4309200;95.6
4320000;26.4
4330800;0.0
4341600;516.6
4352400;3144.4
4363200;270.5
4374000;380.3
4384800;475.9
4395600;543.0
4406400;610.2
4417200;0.0
4428000;962.0
4438800;449.5
4449600;650.8
4460400;976.3
4471200;433.2
4482000;663.0
4492800;0.0
4503600;148.5
4514400;136.3
4525200;638.6
4536000;581.7
4546800;296.9
4557600;311.2
4568400;246.1
4579200;176.9
4590000;0.0
4600800;720.0
4611600;516.6
4622400;380.3
4633200;67.1
4644000;892.9
4654800;215.6
4665600;0.0
4676400;0.0
4687200;406.8
4698000;447.5
4708800;380.3
4719600;270.5
4730400;437.3
4741200;380.3
4752000;0.0
4762800;0.0
4773600;136.3
4784400;433.2
4795200;258.3
4806000;26.4
4816800;447.5
4827600;42.7
4838400;0.0
4849200;0.0
4860000;179.0
4870800;0.0
4881600;366.1
4892400;608.1
4903200;907.1
4914000;404.7
4924800;122.0
4935600;0.0
4946400;526.8
4957200;514.6
4968000;205.4
4978800;636.6
4989600;543.0
5000400;176.9
5011200;663.0
5022000;0.0
5032800;909.1
5043600;610.2
5054400;136.3
5065200;313.2
5076000;1177.6
5086800;475.9
5097600;0.0
5108400;95.6
5119200;679.3
5130000;581.7
5140800;339.7
5151600;341.7
5162400;284.7
5173200;54.9
5184000;122.0
5194800;0.0
5205600;282.7
5216400;829.8
5227200;203.4
5238000;95.6
5248800;353.9
5259600;581.7
5270400;0.0
5281200;0.0
5292000;366.1
5302800;488.1
5313600;134.2
5324400;122.0
5335200;624.4
5346000;514.6
5356800;0.0
5367600;0.0
5378400;191.2
5389200;368.1
5400000;313.2
5410800;217.6
5421600;626.4
5432400;339.7
5443200;0.0
5454000;0.0
5464800;419.0
5475600;0.0
5486400;624.4
5497200;610.2
5508000;459.7
5518800;366.1
5529600;0.0
5540400;0.0
5551200;598.0
5562000;756.6
5572800;827.8
5583600;313.2
5594400;801.4
5605200;421.0
5616000;299.0
5626800;0.0
5637600;351.9
5648400;81.4
5659200;366.1
5670000;463.7
5680800;327.5
5691600;341.7
5702400;0.0
5713200;81.4
5724000;516.6
5734800;528.8
5745600;423.0
5756400;341.7
5767200;246.1
5778000;105.8
5788800;26.4
5799600;0.0
5810400;734.2
5821200;406.8
5832000;56.9
5842800;122.0
5853600;256.3
5864400;488.1
5875200;0.0
5886000;0.0
5896800;435.3
5907600;787.1
5918400;394.6
5929200;258.3
5940000;624.4
5950800;475.9
5961600;0.0
5972400;0.0
5983200;107.8
5994000;67.1
6004800;54.9
6015600;26.4
6026400;299.0
6037200;215.6
6048000;0.0
6058800;0.0
6069600;299.0
6080400;0.0
6091200;650.8
6102000;258.3
6112800;437.3
6123600;516.6
6134400;162.7
6145200;26.4
6156000;1055.6
6166800;677.3
6177600;309.2
6188400;351.9
6199200;581.7
6210000;1167.5
6220800;122.0
6231600;0.0
6242400;473.9
6253200;406.8
6264000;622.4
6274800;748.5
6285600;502.4
6296400;380.3
6307200;0.0
6318000;28.5
6328800;42.7
6339600;419.0
6350400;327.5
6361200;309.2
6372000;242.0
6382800;825.8
6393600;14.2
6404400;0.0
6415200;217.6
6426000;600.0
6436800;258.3
6447600;14.2
6458400;296.9
6469200;229.8
6480000;0.0
6490800;0.0
6501600;299.0
6512400;595.9
6523200;528.8
6534000;392.5
6544800;378.3
6555600;394.6
6566400;0.0
6577200;0.0
6588000;636.6
6598800;136.3
6609600;107.8
6620400;447.5
6631200;732.2
6642000;107.8
6652800;0.0
6663600;0.0
6674400;284.7
6685200;0.0
6696000;311.2
6706800;650.8
6717600;650.8
6728400;353.9
6739200;0.0
6750000;0.0
6760800;258.3
6771600;392.5
6782400;595.9
6793200;543.0
6804000;229.8
6814800;675.3
6825600;774.9
6836400;0.0
6847200;313.2
6858000;868.5
6868800;720.0
6879600;2048.1
6890400;687.5
6901200;488.1
6912000;0.0
6922800;447.5
6933600;394.6
6944400;2644.1
6955200;380.3
6966000;624.4
6976800;244.1
6987600;502.4
6998400;189.2
7009200;0.0
7020000;419.0
7030800;449.5
7041600;311.2
7052400;81.4
7063200;351.9
7074000;691.5
7084800;0.0
7095600;0.0
7106400;1000.7
7117200;351.9
7128000;191.2
7138800;244.1
7149600;919.3
7160400;636.6
7171200;0.0
7182000;0.0
7192800;459.7
7203600;95.6
7214400;258.3
7225200;40.7
7236000;774.9
7246800;486.1
7257600;0.0
7268400;0.0
7279200;42.7
7290000;0.0
7300800;368.1
7311600;502.4
7322400;341.7
7333200;325.4
7344000;162.7
7354800;0.0
7365600;95.6
7376400;469.8
7387200;567.5
7398000;803.4
7408800;650.8
7419600;854.2
7430400;461.7
7441200;0.0
7452000;894.9
7462800;827.8
7473600;148.5
7484400;449.5
7495200;880.7
7506000;612.2
7516800;0.0
7527600;134.2
7538400;26.4
7549200;313.2
7560000;514.6
7570800;258.3
7581600;203.4
7592400;475.9
7603200;40.7
7614000;0.0
7624800;610.2
7635600;313.2
7646400;164.7
7657200;205.4
7668000;461.7
7678800;191.2
7689600;0.0
7700400;0.0
7711200;162.7
7722000;353.9
7732800;366.1
7743600;148.5
7754400;1045.4
7765200;1248.8
7776000;0.0
7786800;0.0
7797600;433.2
7808400;0.0
7819200;176.9
7830000;433.2
7840800;679.3
7851600;203.4
7862400;0.0
7873200;0.0
7884000;313.2
7894800;0.0
7905600;463.7
7916400;516.6
7927200;933.6
7938000;435.3
7948800;122.0
7959600;81.4
7970400;162.7
7981200;852.2
7992000;406.8
8002800;840.0
8013600;667.1
8024400;732.2
8035200;598.0
8046000;0.0
8056800;732.2
8067600;530.8
8078400;447.5
8089200;732.2
8100000;296.9
8110800;488.1
8121600;0.0
8132400;244.1
8143200;378.3
8154000;689.5
8164800;176.9
8175600;600.0
8186400;205.4
8197200;299.0
8208000;26.4
8218800;0.0
8229600;191.2
8240400;258.3
8251200;256.3
8262000;40.7
8272800;296.9
8283600;555.3
8294400;0.0
8305200;0.0
8316000;433.2
8326800;705.8
8337600;311.2
8348400;286.8
8359200;162.7
8370000;677.3
8380800;0.0
8391600;0.0
8402400;1354.6
8413200;244.1
8424000;325.4
8434800;189.2
8445600;1179.7
8456400;229.8
8467200;0.0
8478000;0.0
8488800;1899.7
8499600;0.0
8510400;445.4
8521200;907.1
8532000;703.7
8542800;122.0
8553600;52.9
8564400;0.0
8575200;2725.4
8586000;707.8
8596800;404.7
8607600;514.6
8618400;718.0
8629200;530.8
8640000;610.2
8650800;0.0
8661600;636.6
8672400;392.5
8683200;270.5
8694000;490.2
8704800;598.0
8715600;406.8
8726400;0.0
8737200;93.6
8748000;364.1
8758800;705.8
8769600;648.8
8780400;421.0
8791200;95.6
8802000;246.1
8812800;0.0
8823600;0.0
8834400;311.2
8845200;514.6
8856000;258.3
8866800;40.7
8877600;541.0
8888400;557.3
8899200;0.0
8910000;0.0
8920800;124.1
8931600;488.1
8942400;679.3
8953200;67.1
8964000;827.8
8974800;502.4
8985600;14.2
8996400;0.0
9007200;148.5
9018000;95.6
9028800;107.8
9039600;311.2
9050400;486.1
9061200;337.6
9072000;0.0
9082800;0.0
9093600;339.7
9104400;0.0
9115200;595.9
9126000;514.6
9136800;636.6
9147600;284.7
9158400;0.0
9169200;0.0
9180000;703.7
9190800;728.1
9201600;433.2
9212400;473.9
9223200;488.1
9234000;557.3
9244800;677.3
9255600;0.0
9266400;2239.3
9277200;136.3
9288000;176.9
9298800;419.0
9309600;368.1
9320400;242.0
9331200;0.0
9342000;203.4
9352800;612.2
9363600;500.3
9374400;380.3
9385200;270.5
9396000;284.7
9406800;231.9
9417600;14.2
9428400;0.0
9439200;95.6
9450000;528.8
9460800;463.7
9471600;284.7
9482400;852.2
9493200;394.6
9504000;0.0
9514800;0.0
9525600;512.5
9536400;606.1
9547200;207.5
9558000;284.7
9568800;866.4
9579600;191.2
9590400;0.0
9601200;0.0
9612000;380.3
9622800;229.8
9633600;325.4
9644400;229.8
9655200;2725.4
9666000;311.2
9676800;0.0
9687600;0.0
9698400;364.1
9709200;0.0
9720000;270.5
9730800;1124.7
9741600;380.3
9752400;366.1
9763200;14.2
9774000;14.2
9784800;299.0
9795600;787.1
9806400;270.5
9817200;486.1
9828000;528.8
9838800;341.7
9849600;852.2
9860400;0.0
9871200;323.4
9882000;191.2
9892800;652.9
9903600;583.7
9914400;270.5
9925200;272.5
9936000;0.0
9946800;14.2
9957600;473.9
9968400;392.5
9979200;744.4
9990000;595.9
10000800;270.5
10011600;174.9
10022400;136.3
10033200;0.0
10044000;380.3
10054800;419.0
10065600;339.7
10076400;217.6
10087200;679.3
10098000;624.4
10108800;0.0
10119600;0.0
10130400;693.6
10141200;270.5
10152000;242.0
10162800;203.4
10173600;473.9
10184400;301.0
10195200;0.0
10206000;0.0
10216800;612.2
10227600;270.5
10238400;203.4
10249200;52.9
10260000;825.8
10270800;203.4
10281600;0.0
10292400;0.0
10303200;284.7
10314000;0.0
10324800;67.1
10335600;134.2
10346400;394.6
10357200;366.1
10368000;14.2
10378800;0.0
10389600;2168.1
10400400;461.7
10411200;624.4
10422000;260.3
10432800;1114.6
10443600;608.1
10454400;528.8
10465200;0.0
10476000;528.8
10486800;583.7
10497600;244.1
10508400;120.0
10519200;610.2
10530000;382.4
10540800;0.0
10551600;258.3
10562400;258.3
10573200;447.5
10584000;514.6
10594800;81.4
10605600;148.5
10616400;296.9
10627200;162.7
10638000;0.0
10648800;69.2
10659600;516.6
10670400;528.8
10681200;52.9
10692000;258.3
10702800;581.7
10713600;0.0
10724400;0.0
10735200;744.4
10746000;624.4
10756800;964.1
10767600;122.0
10778400;461.7
10789200;461.7
10800000;0.0
10810800;0.0
10821600;1385.1
10832400;366.1
10843200;351.9
10854000;189.2
10864800;488.1
10875600;14.2
10886400;0.0
10897200;0.0
10908000;231.9
10918800;0.0
10929600;189.2
10940400;648.8
10951200;2493.5
10962000;162.7
10972800;26.4
10983600;0.0
10994400;351.9
11005200;866.4
11016000;380.3
11026800;3201.3
11037600;136.3
11048400;1368.8
11059200;1110.5
11070000;0.0
11080800;718.0
11091600;1002.7
11102400;270.5
11113200;598.0
11124000;1218.3
11134800;174.9
11145600;0.0
11156400;189.2
11167200;392.5
11178000;229.8
11188800;624.4
11199600;40.7
11210400;95.6
11221200;351.9
11232000;189.2
11242800;0.0
11253600;583.7
11264400;500.3
11275200;419.0
11286000;256.3
11296800;543.0
11307600;880.7
11318400;0.0
11329200;0.0
11340000;246.1
11350800;1071.9
11361600;419.0
11372400;162.7
11383200;148.5
11394000;595.9
11404800;0.0
11415600;0.0
11426400;461.7
11437200;677.3
11448000;475.9
11458800;677.3
11469600;213.6
11480400;81.4
11491200;0.0
11502000;0.0
11512800;299.0
11523600;0.0
11534400;203.4
11545200;421.0
11556000;921.4
11566800;311.2
11577600;0.0
11588400;0.0
11599200;339.7
11610000;569.5
11620800;650.8
11631600;227.8
11642400;2631.9
11653200;2452.9
11664000;231.9
11674800;0.0
11685600;329.5
11696400;150.5
11707200;785.1
11718000;351.9
11728800;486.1
11739600;353.9
11750400;0.0
11761200;258.3
11772000;109.8
11782800;380.3
11793600;514.6
11804400;301.0
11815200;174.9
11826000;555.3
11836800;14.2
11847600;0.0
11858400;105.8
11869200;608.1
11880000;191.2
11890800;52.9
11901600;555.3
11912400;486.1
11923200;0.0
11934000;0.0
11944800;244.1
11955600;311.2
11966400;679.3
11977200;217.6
11988000;528.8
11998800;528.8
12009600;0.0
12020400;0.0
12031200;787.1
12042000;136.3
12052800;475.9
12063600;136.3
12074400;663.0
12085200;229.8
12096000;0.0
12106800;0.0
12117600;219.7
12128400;0.0
12139200;571.5
12150000;679.3
12160800;201.4
12171600;83.4
12182400;0.0
12193200;0.0
12204000;421.0
12214800;746.4
12225600;231.9
12236400;435.3
12247200;433.2
12258000;2861.7
12268800;327.5
12279600;0.0
12290400;419.0
12301200;2074.6
12312000;311.2
12322800;215.6
12333600;355.9
12344400;827.8
12355200;0.0
12366000;26.4
12376800;136.3
12387600;217.6
12398400;382.4
12409200;473.9
12420000;299.0
12430800;433.2
12441600;54.9
12452400;0.0
12463200;650.8
12474000;296.9
12484800;231.9
12495600;107.8
12506400;325.4
12517200;555.3
12528000;0.0
12538800;0.0
12549600;122.0
12560400;543.0
12571200;1045.4
12582000;81.4
12592800;488.1
12603600;299.0
12614400;0.0
12625200;0.0
12636000;392.5
12646800;28.5
12657600;325.4
12668400;2493.5
12679200;258.3
12690000;217.6
12700800;0.0
12711600;0.0
12722400;406.8
12733200;0.0
12744000;746.4
12754800;840.0
12765600;557.3
12776400;71.2
12787200;176.9
12798000;0.0
12808800;730.2
12819600;705.8
12830400;475.9
12841200;284.7
12852000;652.9
12862800;3052.9
12873600;748.5
12884400;0.0
12895200;284.7
12906000;1002.7
12916800;368.1
12927600;380.3
12938400;475.9
12949200;652.9
12960000;0.0
12970800;189.2
12981600;419.0
12992400;652.9
13003200;608.1
13014000;380.3
13024800;473.9
13035600;93.6
13046400;14.2
13057200;0.0
13068000;595.9
13078800;447.5
13089600;54.9
13100400;160.7
13111200;256.3
13122000;744.4
13132800;0.0
13143600;0.0
13154400;852.2
13165200;760.7
13176000;610.2
13186800;52.9
13197600;203.4
13208400;378.3
13219200;0.0
13230000;0.0
13240800;299.0
13251600;624.4
13262400;380.3
13273200;54.9
13284000;907.1
13294800;311.2
13305600;0.0
13316400;0.0
13327200;176.9
13338000;0.0
13348800;744.4
13359600;447.5
13370400;28.5
13381200;394.6
13392000;14.2
13402800;0.0
13413600;366.1
13424400;634.6
13435200;311.2
13446000;231.9
13456800;571.5
13467600;598.0
13478400;81.4
13489200;0.0
13500000;545.1
13510800;270.5
13521600;667.1
13532400;608.1
13543200;406.8
13554000;813.6
13564800;0.0
13575600;284.7
13586400;433.2
13597200;408.8
13608000;593.9
13618800;258.3
13629600;162.7
13640400;327.5
13651200;203.4
13662000;0.0
13672800;299.0
13683600;423.0
13694400;136.3
13705200;852.2
13716000;368.1
13726800;490.2
13737600;0.0
13748400;0.0
13759200;2467.1
13770000;650.8
13780800;842.0
13791600;638.6
13802400;366.1
13813200;229.8
13824000;0.0
13834800;0.0
13845600;610.2
13856400;136.3
13867200;378.3
13878000;229.8
13888800;2550.5
13899600;134.2
13910400;0.0
13921200;0.0
13932000;636.6
13942800;0.0
13953600;567.5
13964400;703.7
13975200;500.3
13986000;69.2
13996800;26.4
14007600;0.0
14018400;500.3
14029200;419.0
14040000;526.8
14050800;2601.3
14061600;162.7
14072400;528.8
14083200;473.9
14094000;0.0
14104800;205.4
14115600;81.4
14126400;215.6
14137200;451.5
14148000;370.2
14158800;124.1
14169600;0.0
14180400;93.6
14191200;2481.3
14202000;598.0
14212800;351.9
14223600;392.5
14234400;203.4
14245200;512.5
14256000;26.4
14266800;0.0
14277600;122.0
14288400;229.8
14299200;217.6
14310000;351.9
14320800;311.2
14331600;502.4
14342400;0.0
14353200;0.0
14364000;296.9
14374800;353.9
14385600;463.7
14396400;380.3
14407200;1098.3
14418000;380.3
14428800;0.0
14439600;0.0
14450400;408.8
14461200;311.2
14472000;176.9
14482800;14.2
14493600;966.1
14504400;366.1
14515200;0.0
14526000;0.0
14536800;0.0
14547600;0.0
14558400;325.4
14569200;663.0
14580000;256.3
14590800;459.7
14601600;162.7
14612400;0.0
14623200;364.1
14634000;935.6
14644800;244.1
14655600;461.7
14666400;681.4
14677200;718.0
14688000;585.8
14698800;0.0
14709600;109.8
14720400;419.0
14731200;246.1
14742000;339.7
14752800;1218.3
14763600;205.4
14774400;0.0
14785200;136.3
14796000;693.6
14806800;447.5
14817600;569.5
14828400;1301.7
14839200;176.9
14850000;526.8
14860800;26.4
14871600;0.0
14882400;272.5
14893200;744.4
14904000;215.6
14914800;299.0
14925600;842.0
14936400;341.7
14947200;0.0
14958000;0.0
14968800;976.3
14979600;677.3
14990400;677.3
15001200;311.2
15012000;459.7
15022800;555.3
15033600;0.0
15044400;0.0
15055200;299.0
15066000;327.5
15076800;581.7
15087600;0.0
15098400;488.1
15109200;502.4
15120000;0.0
15130800;0.0
15141600;351.9
15152400;0.0
15163200;447.5
15174000;288.8
15184800;244.1
15195600;107.8
15206400;14.2
15217200;0.0
15228000;150.5
15238800;634.6
15249600;894.9
15260400;516.6
15271200;720.0
15282000;595.9
15292800;378.3
15303600;0.0
15314400;54.9
15325200;299.0
15336000;447.5
15346800;612.2
15357600;268.5
15368400;1464.4
15379200;0.0
15390000;203.4
15400800;447.5
15411600;705.8
15422400;447.5
15433200;296.9
15444000;205.4
15454800;176.9
15465600;67.1
15476400;0.0
15487200;217.6
15498000;284.7
15508800;433.2
15519600;758.6
15530400;433.2
15541200;339.7
15552000;0.0
15562800;0.0
15573600;323.4
15584400;299.0
15595200;244.1
15606000;270.5
15616800;543.0
15627600;366.1
15638400;0.0
15649200;0.0
15660000;231.9
15670800;26.4
15681600;461.7
15692400;0.0
15703200;107.8
15714000;191.2
15724800;0.0
15735600;0.0
15746400;191.2
15757200;0.0
15768000;382.4
15778800;406.8
15789600;1002.7
15800400;311.2
15811200;26.4
15822000;0.0
15832800;2617.6
15843600;325.4
15854400;449.5
15865200;598.0
15876000;364.1
15886800;325.4
15897600;624.4
15908400;0.0
15919200;555.3
15930000;1627.1
15940800;473.9
15951600;907.1
15962400;284.7
15973200;569.5
15984000;0.0
15994800;26.4
16005600;677.3
16016400;801.4
16027200;148.5
16038000;286.8
16048800;164.7
16059600;516.6
16070400;26.4
16081200;0.0
16092000;176.9
16102800;408.8
16113600;67.1
16124400;270.5
16135200;256.3
16146000;124.1
16156800;0.0
16167600;0.0
16178400;555.3
16189200;532.9
16200000;1055.6
16210800;162.7
16221600;433.2
16232400;797.3
16243200;0.0
16254000;0.0
16264800;378.3
16275600;380.3
16286400;162.7
16297200;231.9
16308000;758.6
16318800;109.8
16329600;0.0
16340400;0.0
16351200;201.4
16362000;0.0
16372800;514.6
16383600;329.5
16394400;126.1
16405200;353.9
16416000;26.4
16426800;0.0
16437600;689.5
16448400;449.5
16459200;498.3
16470000;638.6
16480800;461.7
16491600;882.7
16502400;555.3
16513200;0.0
16524000;339.7
16534800;122.0
16545600;945.8
16556400;705.8
16567200;486.1
16578000;640.7
16588800;0.0
16599600;189.2
16610400;85.4
16621200;364.1
16632000;504.4
16642800;528.8
16653600;242.0
16664400;368.1
16675200;0.0
16686000;0.0
16696800;148.5
16707600;380.3
16718400;311.2
16729200;203.4
16740000;486.1
16750800;299.0
16761600;0.0
16772400;0.0
16783200;894.9
16794000;569.5
16804800;244.1
16815600;408.8
16826400;461.7
16837200;421.0
16848000;0.0
16858800;0.0
16869600;323.4
16880400;122.0
16891200;270.5
16902000;40.7
16912800;229.8
16923600;107.8
16934400;0.0
16945200;0.0
16956000;148.5
16966800;0.0
16977600;636.6
16988400;949.8
16999200;368.1
17010000;256.3
17020800;14.2
17031600;0.0
17042400;541.0
17053200;2345.1
17064000;134.2
17074800;258.3
17085600;475.9
17096400;624.4
17107200;705.8
17118000;0.0
17128800;2363.4
17139600;528.8
17150400;475.9
17161200;500.3
17172000;746.4
17182800;394.6
17193600;0.0
17204400;205.4
17215200;339.7
17226000;382.4
17236800;488.1
17247600;909.1
17258400;189.2
17269200;732.2
17280000;67.1
17290800;0.0
17301600;179.0
17312400;514.6
17323200;229.8
17334000;569.5
17344800;557.3
17355600;160.7
17366400;0.0
17377200;0.0
17388000;339.7
17398800;463.7
17409600;447.5
17420400;514.6
17431200;313.2
17442000;353.9
17452800;0.0
17463600;0.0
17474400;244.1
17485200;299.0
17496000;189.2
17506800;69.2
17517600;732.2
17528400;136.3
17539200;0.0
17550000;0.0
17560800;270.5
17571600;0.0
17582400;677.3
17593200;498.3
17604000;569.5
17614800;270.5
17625600;14.2
17636400;0.0
17647200;79.3
17658000;583.7
17668800;445.4
17679600;679.3
17690400;787.1
17701200;380.3
17712000;490.2
17722800;0.0
17733600;1151.2
17744400;205.4
17755200;325.4
17766000;585.8
17776800;447.5
17787600;624.4
17798400;0.0
17809200;215.6
17820000;423.0
17830800;732.2
17841600;325.4
17852400;406.8
17863200;378.3
17874000;2400.0
17884800;136.3
17895600;0.0
17906400;69.2
17917200;1002.7
17928000;419.0
17938800;380.3
17949600;490.2
17960400;146.4
17971200;0.0
17982000;0.0
17992800;124.1
18003600;124.1
18014400;463.7
18025200;40.7
18036000;392.5
18046800;382.4
18057600;0.0
18068400;0.0
18079200;189.2
18090000;105.8
18100800;677.3
18111600;176.9
18122400;583.7
18133200;217.6
18144000;0.0
18154800;0.0
18165600;339.7
18176400;0.0
18187200;122.0
18198000;1084.1
18208800;1248.8
18219600;351.9
18230400;136.3
18241200;0.0
18252000;691.5
18262800;2674.6
18273600;528.8
18284400;500.3
18295200;423.0
18306000;311.2
18316800;502.4
18327600;0.0
18338400;2534.2
18349200;105.8
18360000;663.0
18370800;327.5
18381600;502.4
18392400;296.9
18403200;0.0
18414000;286.8
18424800;311.2
18435600;785.1
18446400;475.9
18457200;1031.2
18468000;107.8
18478800;488.1
18489600;107.8
18500400;0.0
18511200;447.5
18522000;650.8
18532800;136.3
18543600;67.1
18554400;691.5
18565200;433.2
18576000;0.0
18586800;0.0
18597600;148.5
18608400;217.6
18619200;419.0
18630000;284.7
18640800;421.0
18651600;313.2
18662400;0.0
18673200;0.0
18684000;394.6
18694800;148.5
18705600;488.1
18716400;26.4
18727200;541.0
18738000;244.1
18748800;0.0
18759600;0.0
18770400;148.5
18781200;0.0
18792000;406.8
18802800;160.7
18813600;449.5
18824400;419.0
18835200;0.0
18846000;0.0
18856800;150.5
18867600;949.8
18878400;488.1
18889200;231.9
18900000;541.0
18910800;311.2
18921600;258.3
18932400;0.0
18943200;311.2
18954000;81.4
18964800;758.6
18975600;852.2
18986400;246.1
18997200;705.8
19008000;0.0
19018800;95.6
19029600;176.9
19040400;490.2
19051200;516.6
19062000;351.9
19072800;299.0
19083600;626.4
19094400;162.7
19105200;0.0
19116000;122.0
19126800;404.7
19137600;447.5
19148400;215.6
19159200;543.0
19170000;366.1
19180800;0.0
19191600;0.0
19202400;516.6
19213200;622.4
19224000;663.0
19234800;447.5
19245600;406.8
19256400;526.8
19267200;0.0
19278000;0.0
19288800;449.5
19299600;569.5
19310400;136.3
19321200;229.8
19332000;866.4
19342800;150.5
19353600;0.0
19364400;0.0
19375200;258.3
19386000;0.0
19396800;299.0
19407600;949.8
19418400;608.1
19429200;95.6
19440000;69.2
19450800;0.0
19461600;408.8
19472400;215.6
19483200;502.4
19494000;502.4
19504800;368.1
19515600;380.3
19526400;447.5
19537200;0.0
19548000;502.4
19558800;272.5
19569600;880.7
19580400;707.8
19591200;636.6
19602000;825.8
19612800;0.0
19623600;0.0
19634400;256.3
19645200;419.0
19656000;392.5
19666800;760.7
19677600;366.1
19688400;488.1
19699200;217.6
19710000;0.0
19720800;366.1
19731600;663.0
19742400;109.8
19753200;799.3
19764000;380.3
19774800;516.6
19785600;0.0
19796400;0.0
19807200;299.0
19818000;974.2
19828800;463.7
19839600;258.3
19850400;2658.3
19861200;665.1
19872000;0.0
19882800;0.0
19893600;67.1
19904400;378.3
19915200;56.9
19926000;14.2
19936800;433.2
19947600;258.3
19958400;0.0
19969200;0.0
19980000;447.5
19990800;0.0
20001600;502.4
20012400;299.0
20023200;896.9
20034000;189.2
20044800;0.0
20055600;26.4
20066400;217.6
20077200;825.8
20088000;825.8
20098800;327.5
20109600;583.7
20120400;689.5
20131200;380.3
20142000;0.0
20152800;447.5
20163600;380.3
20174400;736.3
20185200;530.8
20196000;528.8
20206800;286.8
20217600;0.0
20228400;215.6
20239200;286.8
20250000;270.5
20260800;191.2
20271600;600.0
20282400;95.6
20293200;325.4
20304000;40.7
20314800;0.0
20325600;406.8
20336400;447.5
20347200;284.7
20358000;95.6
20368800;636.6
20379600;404.7
20390400;0.0
20401200;0.0
20412000;217.6
20422800;136.3
20433600;408.8
20444400;164.7
20455200;349.8
20466000;488.1
20476800;0.0
20487600;0.0
20498400;435.3
20509200;299.0
20520000;189.2
20530800;107.8
20541600;486.1
20552400;189.2
20563200;0.0
20574000;0.0
20584800;52.9
20595600;0.0
20606400;557.3
20617200;1139.0
20628000;923.4
20638800;921.4
20649600;0.0
20660400;0.0
20671200;323.4
20682000;734.2
20692800;990.5
20703600;124.1
20714400;691.5
20725200;543.0
20736000;528.8
20746800;0.0
20757600;770.8
20768400;380.3
20779200;217.6
20790000;431.2
20800800;541.0
20811600;1236.6
20822400;0.0
20833200;81.4
20844000;337.6
20854800;327.5
20865600;772.9
20876400;392.5
20887200;176.9
20898000;475.9
20908800;107.8
20919600;0.0
20930400;122.0
20941200;478.0
20952000;162.7
20962800;351.9
20973600;530.8
20984400;419.0
20995200;0.0
21006000;0.0
21016800;543.0
21027600;201.4
21038400;435.3
21049200;189.2
21060000;583.7
21070800;339.7
21081600;81.4
21092400;0.0
21103200;406.8
21114000;473.9
21124800;81.4
21135600;122.0
21146400;205.4
21157200;93.6
21168000;0.0
21178800;0.0
21189600;813.6
21200400;0.0
21211200;459.7
21222000;473.9
21232800;1191.9
21243600;217.6
21254400;81.4
21265200;0.0
21276000;1043.4
21286800;758.6
21297600;1045.4
21308400;392.5
21319200;449.5
21330000;246.1
21340800;840.0
21351600;0.0
21362400;514.6
21373200;229.8
21384000;461.7
21394800;500.3
21405600;691.5
21416400;636.6
21427200;0.0
21438000;14.2
21448800;231.9
21459600;490.2
21470400;528.8
21481200;500.3
21492000;109.8
21502800;419.0
21513600;95.6
21524400;0.0
21535200;313.2
21546000;691.5
21556800;337.6
21567600;325.4
21578400;571.5
21589200;856.3
21600000;0.0
21610800;0.0
21621600;447.5
21632400;473.9
21643200;557.3
21654000;406.8
21664800;272.5
21675600;976.3
21686400;81.4
21697200;0.0
21708000;325.4
21718800;378.3
21729600;309.2
21740400;40.7
21751200;707.8
21762000;122.0
21772800;0.0
21783600;0.0
21794400;325.4
21805200;0.0
21816000;500.3
21826800;416.9
21837600;394.6
21848400;256.3
21859200;231.9
21870000;0.0
21880800;677.3
21891600;746.4
21902400;433.2
21913200;526.8
21924000;231.9
21934800;490.2
21945600;718.0
21956400;0.0
21967200;514.6
21978000;500.3
21988800;732.2
21999600;339.7
22010400;829.8
22021200;459.7
22032000;0.0
22042800;52.9
22053600;337.6
22064400;608.1
22075200;258.3
22086000;351.9
22096800;215.6
22107600;488.1
22118400;0.0
22129200;0.0
22140000;256.3
22150800;390.5
22161600;296.9
22172400;26.4
22183200;500.3
22194000;270.5
22204800;0.0
22215600;0.0
22226400;174.9
22237200;652.9
22248000;95.6
22258800;650.8
22269600;408.8
22280400;640.7
22291200;0.0
22302000;0.0
22312800;512.5
22323600;93.6
22334400;69.2
22345200;0.0
22356000;935.6
22366800;81.4
22377600;0.0
22388400;0.0
22399200;148.5
22410000;0.0
22420800;703.7
22431600;526.8
22442400;488.1
22453200;526.8
22464000;54.9
22474800;0.0
22485600;593.9
22496400;296.9
22507200;640.7
22518000;608.1
22528800;663.0
22539600;581.7
22550400;461.7
22561200;0.0
22572000;827.8
22582800;516.6
22593600;408.8
22604400;309.2
22615200;1285.4
22626000;827.8
22636800;0.0
22647600;203.4
22658400;272.5
22669200;667.1
22680000;433.2
22690800;677.3
22701600;286.8
22712400;514.6
22723200;203.4
22734000;0.0
22744800;353.9
22755600;191.2
22766400;148.5
22777200;40.7
22788000;488.1
22798800;598.0
22809600;0.0
22820400;0.0
22831200;610.2
22842000;270.5
22852800;299.0
22863600;136.3
22874400;176.9
22885200;327.5
22896000;0.0
22906800;0.0
22917600;244.1
22928400;148.5
22939200;339.7
22950000;231.9
22960800;650.8
22971600;79.3
22982400;0.0
22993200;0.0
23004000;203.4
23014800;0.0
23025600;351.9
23036400;282.7
23047200;907.1
23058000;67.1
23068800;81.4
23079600;0.0
23090400;2725.4
23101200;2184.4
23112000;789.1
23122800;547.1
23133600;299.0
23144400;408.8
23155200;286.8
23166000;0.0
23176800;652.9
23187600;213.6
23198400;734.2
23209200;488.1
23220000;475.9
23230800;323.4
23241600;0.0
23252400;40.7
23263200;67.1
23274000;825.8
23284800;528.8
23295600;419.0
23306400;366.1
23317200;449.5
23328000;81.4
23338800;0.0
23349600;419.0
23360400;1153.2
23371200;270.5
23382000;136.3
23392800;650.8
23403600;242.0
23414400;0.0
23425200;0.0
23436000;528.8
23446800;488.1
23457600;353.9
23468400;203.4
23479200;528.8
23490000;272.5
23500800;0.0
23511600;0.0
23522400;421.0
23533200;122.0
23544000;217.6
23554800;0.0
23565600;842.0
23576400;258.3
23587200;0.0
23598000;0.0
23608800;366.1
23619600;0.0
23630400;299.0
23641200;795.3
23652000;746.4
23662800;286.8
23673600;14.2
23684400;0.0
23695200;81.4
23706000;772.9
23716800;624.4
23727600;825.8
23738400;246.1
23749200;423.0
23760000;150.5
23770800;0.0
23781600;339.7
23792400;567.5
23803200;842.0
23814000;762.7
23824800;634.6
23835600;787.1
23846400;0.0
23857200;26.4
23868000;488.1
23878800;966.1
23889600;650.8
23900400;394.6
23911200;213.6
23922000;433.2
23932800;26.4
23943600;0.0
23954400;337.6
23965200;720.0
23976000;311.2
23986800;40.7
23997600;335.6
24008400;231.9
24019200;0.0
24030000;0.0
24040800;842.0
24051600;799.3
24062400;553.2
24073200;124.1
24084000;488.1
24094800;935.6
24105600;0.0
24116400;0.0
24127200;541.0
24138000;136.3
24148800;311.2
24159600;638.6
24170400;433.2
24181200;191.2
24192000;0.0
24202800;0.0
24213600;52.9
24224400;0.0
24235200;421.0
24246000;2198.6
24256800;595.9
24267600;421.0
24278400;14.2
24289200;0.0
24300000;189.2
24310800;459.7
24321600;545.1
24332400;665.1
24343200;433.2
24354000;514.6
24364800;95.6
24375600;0.0
24386400;301.0
24397200;406.8
24408000;691.5
24418800;421.0
24429600;530.8
24440400;364.1
24451200;0.0
24462000;392.5
24472800;595.9
24483600;813.6
24494400;593.9
24505200;272.5
24516000;229.8
24526800;636.6
24537600;81.4
24548400;0.0
24559200;217.6
24570000;541.0
24580800;337.6
24591600;461.7
24602400;325.4
24613200;284.7
24624000;0.0
24634800;0.0
24645600;256.3
24656400;488.1
24667200;486.1
24678000;40.7
24688800;339.7
24699600;854.2
24710400;0.0
24721200;0.0
24732000;380.3
24742800;433.2
24753600;229.8
24764400;79.3
24775200;581.7
24786000;378.3
24796800;0.0
24807600;0.0
24818400;555.3
24829200;0.0
24840000;351.9
24850800;488.1
24861600;449.5
24872400;325.4
24883200;26.4
24894000;0.0
24904800;95.6
24915600;431.2
24926400;459.7
24937200;636.6
24948000;801.4
24958800;286.8
24969600;634.6
24980400;0.0
24991200;703.7
25002000;229.8
25012800;1019.0
25023600;801.4
25034400;530.8
25045200;447.5
25056000;0.0
25066800;71.2
25077600;461.7
25088400;339.7
25099200;595.9
25110000;339.7
25120800;203.4
25131600;217.6
25142400;40.7
25153200;0.0
25164000;81.4
25174800;1234.6
25185600;40.7
25196400;258.3
25207200;447.5
25218000;203.4
25228800;0.0
25239600;0.0
25250400;299.0
25261200;445.4
25272000;569.5
25282800;93.6
25293600;528.8
25304400;827.8
25315200;0.0
25326000;0.0
25336800;150.5
25347600;421.0
25358400;67.1
25369200;162.7
25380000;313.2
25390800;122.0
25401600;0.0
25412400;0.0
25423200;83.4
25434000;0.0
25444800;1368.8
25455600;856.3
25466400;309.2
25477200;650.8
25488000;0.0
25498800;0.0
25509600;471.9
25520400;772.9
25531200;433.2
25542000;284.7
25552800;380.3
25563600;315.3
25574400;555.3
25585200;0.0
25596000;473.9
25606800;339.7
25617600;282.7
25628400;461.7
25639200;691.5
25650000;433.2
25660800;0.0
25671600;26.4
25682400;514.6
25693200;351.9
25704000;473.9
25714800;337.6
25725600;299.0
25736400;571.5
25747200;0.0
25758000;0.0
25768800;567.5
25779600;459.7
25790400;571.5
25801200;95.6
25812000;624.4
25822800;433.2
25833600;0.0
25844400;0.0
25855200;380.3
25866000;191.2
25876800;337.6
25887600;421.0
25898400;626.4
25909200;299.0
25920000;0.0
25930800;0.0
25941600;624.4
25952400;423.0
25963200;270.5
25974000;215.6
25984800;2536.3
25995600;1029.1
26006400;0.0
26017200;0.0
26028000;231.9
26038800;0.0
26049600;813.6
26060400;636.6
26071200;636.6
26082000;854.2
26092800;81.4
26103600;0.0
26114400;555.3
26125200;774.9
26136000;571.5
26146800;337.6
26157600;797.3
26168400;313.2
26179200;351.9
26190000;0.0
26200800;258.3
26211600;2658.3
26222400;610.2
26233200;555.3
26244000;707.8
26254800;638.6
26265600;0.0
26276400;162.7
26287200;665.1
26298000;593.9
26308800;311.2
26319600;270.5
26330400;231.9
26341200;311.2
26352000;26.4
26362800;0.0
26373600;473.9
26384400;652.9
26395200;272.5
26406000;95.6
26416800;516.6
26427600;435.3
26438400;0.0
26449200;0.0
26460000;595.9
26470800;408.8
26481600;541.0
26492400;134.2
26503200;380.3
26514000;433.2
26524800;0.0
26535600;0.0
26546400;79.3
26557200;270.5
26568000;203.4
26578800;54.9
26589600;514.6
26600400;543.0
26611200;0.0
26622000;0.0
26632800;189.2
26643600;0.0
26654400;801.4
26665200;569.5
26676000;679.3
26686800;40.7
26697600;26.4
26708400;0.0
26719200;459.7
26730000;2452.9
26740800;718.0
26751600;840.0
26762400;772.9
26773200;512.5
26784000;95.6
26794800;0.0
26805600;1167.5
26816400;2656.3
26827200;569.5
26838000;299.0
26848800;610.2
26859600;83.4
26870400;0.0
26881200;191.2
26892000;286.8
26902800;394.6
26913600;217.6
26924400;461.7
26935200;231.9
26946000;203.4
26956800;14.2
26967600;0.0
26978400;595.9
26989200;488.1
27000000;40.7
27010800;26.4
27021600;378.3
27032400;488.1
27043200;0.0
27054000;0.0
27064800;272.5
27075600;1014.9
27086400;408.8
27097200;473.9
27108000;488.1
27118800;691.5
27129600;14.2
27140400;0.0
27151200;258.3
27162000;109.8
27172800;162.7
27183600;162.7
27194400;396.6
27205200;217.6
27216000;0.0
27226800;0.0
27237600;327.5
27248400;0.0
27259200;636.6
27270000;215.6
27280800;258.3
27291600;366.1
27302400;95.6
27313200;81.4
27324000;1071.9
27334800;488.1
27345600;691.5
27356400;337.6
27367200;486.1
27378000;774.9
27388800;475.9
27399600;0.0
27410400;504.4
27421200;150.5
27432000;541.0
27442800;83.4
27453600;758.6
27464400;718.0
27475200;0.0
27486000;28.5
27496800;366.1
27507600;691.5
27518400;665.1
27529200;339.7
27540000;229.8
27550800;136.3
27561600;54.9
27572400;0.0
27583200;164.7
27594000;258.3
27604800;528.8
27615600;270.5
27626400;366.1
27637200;176.9
27648000;0.0
27658800;0.0
27669600;518.6
27680400;203.4
27691200;327.5
27702000;433.2
27712800;799.3
27723600;679.3
27734400;26.4
27745200;0.0
27756000;313.2
27766800;284.7
27777600;205.4
27788400;54.9
27799200;693.6
27810000;69.2
27820800;0.0
27831600;0.0
27842400;176.9
27853200;0.0
27864000;543.0
27874800;583.7
27885600;665.1
27896400;366.1
27907200;122.0
27918000;0.0
27928800;242.0
27939600;421.0
27950400;337.6
27961200;595.9
27972000;311.2
27982800;176.9
27993600;581.7
28004400;0.0
28015200;1572.2
28026000;205.4
28036800;215.6
28047600;896.9
28058400;624.4
28069200;325.4
28080000;0.0
28090800;229.8
28101600;136.3
28112400;636.6
28123200;380.3
28134000;622.4
28144800;502.4
28155600;636.6
28166400;0.0
28177200;0.0
28188000;392.5
28198800;516.6
28209600;408.8
28220400;67.1
28231200;459.7
28242000;246.1
28252800;0.0
28263600;0.0
28274400;500.3
28285200;595.9
28296000;437.3
28306800;162.7
28317600;813.6
28328400;270.5
28339200;0.0
28350000;0.0
28360800;813.6
28371600;148.5
28382400;392.5
28393200;67.1
28404000;406.8
28414800;445.4
28425600;0.0
28436400;0.0
28447200;122.0
28458000;0.0
28468800;598.0
28479600;473.9
28490400;622.4
28501200;244.1
28512000;189.2
28522800;0.0
28533600;152.5
28544400;667.1
28555200;107.8
28566000;514.6
28576800;557.3
28587600;449.5
28598400;339.7
28609200;0.0
28620000;107.8
28630800;447.5
28641600;595.9
28652400;663.0
28663200;2306.4
28674000;1110.5
28684800;0.0
28695600;69.2
28706400;244.1
28717200;217.6
28728000;353.9
28738800;449.5
28749600;203.4
28760400;337.6
28771200;14.2
28782000;0.0
28792800;421.0
28803600;162.7
28814400;203.4
28825200;67.1
28836000;203.4
28846800;583.7
28857600;0.0
28868400;0.0
28879200;174.9
28890000;421.0
28900800;325.4
28911600;215.6
28922400;498.3
28933200;189.2
28944000;26.4
28954800;0.0
28965600;598.0
28976400;311.2
28987200;323.4
28998000;124.1
29008800;229.8
29019600;258.3
29030400;0.0
29041200;0.0
29052000;52.9
29062800;0.0
29073600;679.3
29084400;742.4
29095200;514.6
29106000;231.9
29116800;26.4
29127600;0.0
29138400;258.3
29149200;852.2
29160000;366.1
29170800;134.2
29181600;272.5
29192400;557.3
29203200;488.1
29214000;0.0
29224800;433.2
29235600;325.4
29246400;423.0
29257200;569.5
29268000;1073.9
29278800;461.7
29289600;0.0
29300400;162.7
29311200;543.0
29322000;598.0
29332800;244.1
29343600;532.9
29354400;215.6
29365200;433.2
29376000;189.2
29386800;0.0
29397600;217.6
29408400;1084.1
29419200;770.8
29430000;394.6
29440800;530.8
29451600;488.1
29462400;0.0
29473200;0.0
29484000;595.9
29494800;325.4
29505600;136.3
29516400;301.0
29527200;624.4
29538000;1124.7
29548800;0.0
29559600;0.0
29570400;229.8
29581200;54.9
29592000;569.5
29602800;40.7
29613600;378.3
29624400;488.1
29635200;0.0
29646000;0.0
29656800;0.0
29667600;0.0
29678400;502.4
29689200;677.3
29700000;406.8
29710800;636.6
29721600;14.2
29732400;0.0
29743200;368.1
29754000;799.3
29764800;541.0
29775600;986.4
29786400;650.8
29797200;341.7
29808000;663.0
29818800;0.0
29829600;380.3
29840400;244.1
29851200;435.3
29862000;406.8
29872800;313.2
29883600;380.3
29894400;0.0
29905200;40.7
29916000;174.9
29926800;366.1
29937600;296.9
29948400;313.2
29959200;610.2
29970000;351.9
29980800;67.1
29991600;0.0
30002400;69.2
30013200;612.2
30024000;624.4
30034800;14.2
30045600;772.9
30056400;284.7
30067200;0.0
30078000;0.0
30088800;449.5
30099600;231.9
30110400;595.9
30121200;244.1
30132000;746.4
30142800;447.5
30153600;0.0
30164400;0.0
30175200;461.7
30186000;323.4
30196800;54.9
30207600;67.1
30218400;502.4
30229200;242.0
30240000;0.0
30250800;0.0
30261600;83.4
30272400;0.0
30283200;3199.3
30294000;1084.1
30304800;313.2
30315600;270.5
30326400;0.0
30337200;0.0
30348000;107.8
30358800;514.6
30369600;567.5
30380400;475.9
30391200;351.9
30402000;1151.2
30412800;541.0
30423600;0.0
30434400;744.4
30445200;433.2
30456000;473.9
30466800;351.9
30477600;201.4
30488400;964.1
30499200;0.0
30510000;14.2
30520800;42.7
30531600;720.0
30542400;231.9
30553200;164.7
30564000;703.7
30574800;392.5
30585600;81.4
30596400;0.0
30607200;296.9
30618000;394.6
30628800;435.3
30639600;189.2
30650400;679.3
30661200;488.1
30672000;0.0
30682800;0.0
30693600;406.8
30704400;583.7
30715200;433.2
30726000;107.8
30736800;270.5
30747600;1547.8
30758400;14.2
30769200;0.0
30780000;246.1
30790800;191.2
30801600;109.8
30812400;122.0
30823200;543.0
30834000;244.1
30844800;0.0
30855600;0.0
30866400;176.9
30877200;0.0
30888000;315.3
30898800;557.3
30909600;514.6
30920400;406.8
30931200;26.4
30942000;0.0
30952800;799.3
30963600;301.0
30974400;543.0
30985200;404.7
30996000;555.3
31006800;730.2
31017600;595.9
31028400;0.0
31039200;921.4
31050000;392.5
31060800;433.2
31071600;419.0
31082400;2562.7
31093200;272.5
31104000;0.0
31114800;189.2
31125600;677.3
31136400;691.5
31147200;301.0
31158000;364.1
31168800;351.9
31179600;229.8
31190400;0.0
31201200;0.0
31212000;81.4
31222800;610.2
31233600;52.9
31244400;215.6
31255200;933.6
31266000;284.7
31276800;0.0
31287600;0.0
31298400;396.6
31309200;677.3
31320000;423.0
31330800;52.9
31341600;2428.5
31352400;813.6
31363200;0.0
31374000;0.0
31384800;353.9
31395600;244.1
31406400;164.7
31417200;148.5
31428000;663.0
31438800;122.0
31449600;0.0
31460400;0.0
31471200;894.9
31482000;0.0
31492800;353.9
31503600;445.4
31514400;366.1
31525200;325.4
