#1
double data(2920, 2)
0;0.0
10800;174.9
21600;408.8
32400;313.2
43200;107.8
54000;787.1
64800;962.0
75600;364.1
86400;0.0
97200;0.0
108000;0.0
118800;217.6
129600;557.3
140400;160.7
151200;366.1
162000;419.0
172800;0.0
183600;0.0
194400;421.0
205200;327.5
216000;595.9
226800;663.0
237600;272.5
248400;26.4
259200;0.0
270000;0.0
280800;14.2
291600;691.5
302400;394.6
313200;947.8
324000;205.4
334800;67.1
345600;26.4
356400;0.0
367200;107.8
378000;134.2
388800;610.2
399600;502.4
410400;449.5
421200;488.1
432000;0.0
442800;0.0
453600;693.6
464400;626.4
475200;282.7
486000;1004.7
496800;164.7
507600;229.8
518400;0.0
529200;0.0
540000;0.0
550800;624.4
561600;760.7
572400;296.9
583200;475.9
594000;150.5
604800;0.0
615600;229.8
626400;555.3
637200;813.6
648000;419.0
658800;1450.2
669600;512.5
680400;54.9
691200;0.0
702000;0.0
712800;0.0
723600;191.2
734400;459.7
745200;598.0
756000;1181.7
766800;203.4
777600;0.0
788400;0.0
799200;502.4
810000;516.6
820800;445.4
831600;337.6
842400;516.6
853200;176.9
864000;0.0
874800;0.0
885600;461.7
896400;595.9
907200;579.7
918000;244.1
928800;419.0
939600;162.7
950400;0.0
961200;0.0
972000;81.4
982800;907.1
993600;406.8
1004400;1114.6
1015200;2456.9
1026000;610.2
1036800;0.0
1047600;0.0
1058400;471.9
1069200;1885.4
1080000;502.4
1090800;392.5
1101600;461.7
1112400;217.6
1123200;0.0
1134000;0.0
1144800;0.0
1155600;3443.4
1166400;423.0
1177200;703.7
1188000;880.7
1198800;272.5
1209600;0.0
1220400;28.5
1231200;392.5
1242000;392.5
1252800;543.0
1263600;1069.8
1274400;598.0
1285200;246.1
1296000;0.0
1306800;0.0
1317600;0.0
1328400;136.3
1339200;431.2
1350000;1151.2
1360800;663.0
1371600;368.1
1382400;0.0
1393200;0.0
1404000;174.9
1414800;1560.0
1425600;246.1
1436400;744.4
1447200;772.9
1458000;26.4
1468800;0.0
1479600;0.0
1490400;189.2
1501200;840.0
1512000;502.4
1522800;1206.1
1533600;718.0
1544400;514.6
1555200;40.7
1566000;0.0
1576800;256.3
1587600;107.8
1598400;337.6
1609200;146.4
1620000;636.6
1630800;650.8
1641600;0.0
1652400;0.0
1663200;447.5
1674000;461.7
1684800;718.0
1695600;433.2
1706400;854.2
1717200;827.8
1728000;0.0
1738800;0.0
1749600;26.4
1760400;421.0
1771200;366.1
1782000;351.9
1792800;215.6
1803600;541.0
1814400;0.0
1825200;433.2
1836000;894.9
1846800;299.0
1857600;772.9
1868400;433.2
1879200;380.3
1890000;54.9
1900800;0.0
1911600;0.0
1922400;0.0
1933200;490.2
1944000;541.0
1954800;992.5
1965600;1586.4
1976400;296.9
1987200;0.0
1998000;0.0
2008800;366.1
2019600;488.1
2030400;378.3
2041200;431.2
2052000;1043.4
2062800;148.5
2073600;0.0
2084400;0.0
2095200;150.5
2106000;473.9
2116800;679.3
2127600;518.6
2138400;868.5
2149200;40.7
2160000;14.2
2170800;0.0
2181600;95.6
2192400;691.5
2203200;813.6
2214000;366.1
2224800;612.2
2235600;473.9
2246400;0.0
2257200;0.0
2268000;311.2
2278800;758.6
2289600;284.7
2300400;408.8
2311200;189.2
2322000;840.0
2332800;0.0
2343600;0.0
2354400;0.0
2365200;541.0
2376000;433.2
2386800;854.2
2397600;813.6
2408400;282.7
2419200;0.0
2430000;162.7
2440800;339.7
2451600;406.8
2462400;294.9
2473200;921.4
2484000;608.1
2494800;203.4
2505600;0.0
2516400;0.0
2527200;0.0
2538000;40.7
2548800;571.5
2559600;1261.0
2570400;2904.4
2581200;176.9
2592000;0.0
2602800;0.0
2613600;189.2
2624400;571.5
2635200;892.9
2646000;475.9
2656800;270.5
2667600;148.5
2678400;0.0
2689200;0.0
2700000;14.2
2710800;838.0
2721600;498.3
2732400;461.7
2743200;543.0
2754000;557.3
2764800;14.2
2775600;0.0
2786400;351.9
2797200;327.5
2808000;406.8
2818800;447.5
2829600;543.0
2840400;543.0
2851200;0.0
2862000;0.0
2872800;288.8
2883600;610.2
2894400;461.7
2905200;148.5
2916000;665.1
2926800;339.7
2937600;0.0
2948400;0.0
2959200;26.4
2970000;2591.2
2980800;394.6
2991600;504.4
3002400;677.3
3013200;962.0
3024000;0.0
3034800;258.3
3045600;1004.7
3056400;311.2
3067200;380.3
3078000;624.4
3088800;2550.5
3099600;353.9
3110400;0.0
3121200;0.0
3132000;0.0
3142800;176.9
3153600;638.6
3164400;581.7
3175200;636.6
3186000;447.5
3196800;0.0
3207600;0.0
3218400;148.5
3229200;339.7
3240000;772.9
3250800;296.9
3261600;150.5
3272400;124.1
3283200;0.0
3294000;0.0
3304800;217.6
3315600;595.9
3326400;620.3
3337200;555.3
3348000;624.4
3358800;284.7
3369600;0.0
3380400;0.0
3391200;2196.6
3402000;581.7
3412800;378.3
3423600;107.8
3434400;2696.9
3445200;54.9
3456000;0.0
3466800;0.0
3477600;231.9
3488400;461.7
3499200;1236.6
3510000;1139.0
3520800;2465.1
3531600;203.4
3542400;0.0
3553200;0.0
3564000;0.0
3574800;435.3
3585600;760.7
3596400;313.2
3607200;488.1
3618000;543.0
3628800;0.0
3639600;244.1
3650400;419.0
3661200;663.0
3672000;539.0
3682800;244.1
3693600;162.7
3704400;244.1
3715200;0.0
3726000;0.0
3736800;0.0
3747600;272.5
3758400;663.0
3769200;923.4
3780000;638.6
3790800;296.9
3801600;0.0
3812400;0.0
3823200;447.5
3834000;718.0
3844800;270.5
3855600;964.1
3866400;1043.4
3877200;473.9
3888000;0.0
3898800;0.0
3909600;67.1
3920400;404.7
3931200;880.7
3942000;2438.6
3952800;992.5
3963600;299.0
3974400;0.0
3985200;0.0
3996000;2275.9
4006800;447.5
4017600;746.4
4028400;313.2
4039200;785.1
4050000;246.1
4060800;0.0
4071600;0.0
4082400;353.9
4093200;282.7
4104000;351.9
4114800;543.0
4125600;691.5
4136400;720.0
4147200;0.0
4158000;0.0
4168800;0.0
4179600;406.8
4190400;244.1
4201200;325.4
4212000;691.5
4222800;799.3
4233600;0.0
4244400;148.5
4255200;134.2
4266000;663.0
4276800;569.5
4287600;134.2
4298400;1232.5
4309200;339.7
4320000;0.0
4330800;0.0
4341600;0.0
4352400;366.1
4363200;545.1
4374000;829.8
4384800;815.6
4395600;191.2
4406400;0.0
4417200;0.0
4428000;248.1
4438800;229.8
4449600;665.1
4460400;709.8
4471200;543.0
4482000;219.7
4492800;0.0
4503600;0.0
4514400;136.3
4525200;528.8
4536000;1165.4
4546800;150.5
4557600;593.9
4568400;353.9
4579200;203.4
4590000;0.0
4600800;272.5
4611600;526.8
4622400;1124.7
4633200;136.3
4644000;394.6
4654800;433.2
4665600;0.0
4676400;0.0
4687200;246.1
4698000;2849.5
4708800;500.3
4719600;827.8
4730400;598.0
4741200;148.5
4752000;0.0
4762800;0.0
4773600;0.0
4784400;675.3
4795200;473.9
4806000;530.8
4816800;433.2
4827600;447.5
4838400;0.0
4849200;325.4
4860000;408.8
4870800;2208.8
4881600;380.3
4892400;691.5
4903200;339.7
4914000;270.5
4924800;0.0
4935600;0.0
4946400;0.0
4957200;313.2
4968000;650.8
4978800;612.2
4989600;447.5
5000400;282.7
5011200;0.0
5022000;0.0
5032800;81.4
5043600;514.6
5054400;813.6
5065200;829.8
5076000;583.7
5086800;378.3
5097600;0.0
5108400;0.0
5119200;191.2
5130000;2631.9
5140800;514.6
5151600;488.1
5162400;207.5
5173200;217.6
5184000;176.9
5194800;0.0
5205600;148.5
5216400;2548.5
5227200;772.9
5238000;231.9
5248800;337.6
5259600;189.2
5270400;0.0
5281200;0.0
5292000;258.3
5302800;785.1
5313600;1031.2
5324400;284.7
5335200;595.9
5346000;136.3
5356800;0.0
5367600;0.0
5378400;0.0
5389200;2265.8
5400000;732.2
5410800;774.9
5421600;1029.1
5432400;366.1
5443200;0.0
5454000;366.1
5464800;744.4
5475600;693.6
5486400;744.4
5497200;799.3
5508000;408.8
5518800;569.5
5529600;0.0
5540400;0.0
5551200;0.0
5562000;272.5
5572800;490.2
5583600;1787.8
5594400;734.2
5605200;174.9
5616000;0.0
5626800;0.0
5637600;569.5
5648400;526.8
5659200;516.6
5670000;2804.7
5680800;650.8
5691600;284.7
5702400;0.0
5713200;0.0
5724000;107.8
5734800;543.0
5745600;447.5
5756400;205.4
5767200;189.2
5778000;189.2
5788800;28.5
5799600;0.0
5810400;663.0
5821200;406.8
5832000;864.4
5842800;2412.2
5853600;557.3
5864400;56.9
5875200;0.0
5886000;0.0
5896800;555.3
5907600;433.2
5918400;988.5
5929200;530.8
5940000;500.3
5950800;203.4
5961600;0.0
5972400;0.0
5983200;0.0
5994000;296.9
6004800;364.1
6015600;650.8
6026400;681.4
6037200;244.1
6048000;0.0
6058800;296.9
6069600;787.1
6080400;431.2
6091200;2182.4
6102000;772.9
6112800;461.7
6123600;258.3
6134400;0.0
6145200;0.0
6156000;0.0
6166800;97.6
6177600;109.8
6188400;378.3
6199200;553.2
6210000;512.5
6220800;0.0
6231600;0.0
6242400;162.7
6253200;681.4
6264000;309.2
6274800;612.2
6285600;650.8
6296400;270.5
6307200;0.0
6318000;0.0
6328800;0.0
6339600;772.9
6350400;325.4
6361200;787.1
6372000;624.4
6382800;67.1
6393600;26.4
6404400;0.0
6415200;272.5
6426000;595.9
6436800;638.6
6447600;624.4
6458400;433.2
6469200;406.8
6480000;0.0
6490800;0.0
6501600;325.4
6512400;622.4
6523200;351.9
6534000;423.0
6544800;419.0
6555600;2198.6
6566400;0.0
6577200;0.0
6588000;14.2
6598800;703.7
6609600;1016.9
6620400;366.1
6631200;557.3
6642000;461.7
6652800;0.0
6663600;52.9
6674400;95.6
6685200;518.6
6696000;964.1
6706800;799.3
6717600;612.2
6728400;256.3
6739200;0.0
6750000;0.0
6760800;0.0
6771600;229.8
6782400;516.6
6793200;691.5
6804000;502.4
6814800;339.7
6825600;0.0
6836400;0.0
6847200;543.0
6858000;339.7
6868800;665.1
6879600;284.7
6890400;406.8
6901200;134.2
6912000;0.0
6922800;0.0
6933600;174.9
6944400;789.1
6955200;539.0
6966000;949.8
6976800;1773.6
6987600;296.9
6998400;325.4
7009200;0.0
7020000;93.6
7030800;1191.9
7041600;299.0
7052400;435.3
7063200;463.7
7074000;189.2
7084800;0.0
7095600;0.0
7106400;758.6
7117200;459.7
7128000;366.1
7138800;402.7
7149600;421.0
7160400;174.9
7171200;0.0
7182000;0.0
7192800;0.0
7203600;488.1
7214400;854.2
7225200;40.7
7236000;423.0
7246800;339.7
7257600;0.0
7268400;272.5
7279200;461.7
7290000;311.2
7300800;526.8
7311600;598.0
7322400;392.5
7333200;514.6
7344000;0.0
7354800;0.0
7365600;0.0
7376400;541.0
7387200;162.7
7398000;272.5
7408800;949.8
7419600;543.0
7430400;0.0
7441200;0.0
7452000;500.3
7462800;583.7
7473600;325.4
7484400;205.4
7495200;772.9
7506000;191.2
7516800;0.0
7527600;0.0
7538400;40.7
7549200;744.4
7560000;583.7
7570800;1043.4
7581600;512.5
7592400;54.9
7603200;26.4
7614000;0.0
7624800;122.0
7635600;3457.6
7646400;557.3
7657200;2469.1
7668000;3120.0
7678800;490.2
7689600;0.0
7700400;0.0
7711200;421.0
7722000;3213.5
7732800;852.2
7743600;299.0
7754400;421.0
7765200;282.7
7776000;0.0
7786800;0.0
7797600;14.2
7808400;730.2
7819200;526.8
7830000;231.9
7840800;325.4
7851600;256.3
7862400;0.0
7873200;107.8
7884000;351.9
7894800;557.3
7905600;364.1
7916400;1139.0
7927200;215.6
7938000;421.0
7948800;0.0
7959600;0.0
7970400;0.0
7981200;366.1
7992000;705.8
8002800;408.8
8013600;488.1
8024400;451.5
8035200;0.0
8046000;0.0
8056800;286.8
8067600;1110.5
8078400;366.1
8089200;882.7
8100000;679.3
8110800;351.9
8121600;0.0
8132400;0.0
8143200;0.0
8154000;191.2
8164800;543.0
8175600;610.2
8186400;705.8
8197200;14.2
8208000;0.0
8218800;0.0
8229600;174.9
8240400;571.5
8251200;595.9
8262000;504.4
8272800;557.3
8283600;408.8
8294400;0.0
8305200;0.0
8316000;447.5
8326800;1222.4
8337600;244.1
8348400;406.8
8359200;583.7
8370000;593.9
8380800;0.0
8391600;0.0
8402400;26.4
8413200;378.3
8424000;675.3
8434800;42.7
8445600;447.5
8456400;581.7
8467200;0.0
8478000;40.7
8488800;687.5
8499600;299.0
8510400;311.2
8521200;799.3
8532000;164.7
8542800;665.1
8553600;0.0
8564400;0.0
8575200;0.0
8586000;935.6
8596800;530.8
8607600;286.8
8618400;378.3
8629200;461.7
8640000;0.0
8650800;0.0
8661600;54.9
8672400;353.9
8683200;498.3
8694000;667.1
8704800;286.8
8715600;40.7
8726400;0.0
8737200;0.0
8748000;299.0
8758800;366.1
8769600;296.9
8780400;502.4
8791200;787.1
8802000;120.0
8812800;42.7
8823600;0.0
8834400;203.4
8845200;610.2
8856000;447.5
8866800;842.0
8877600;705.8
8888400;148.5
8899200;0.0
8910000;0.0
8920800;136.3
8931600;2265.8
8942400;516.6
8953200;242.0
8964000;909.1
8974800;244.1
8985600;0.0
8996400;0.0
9007200;0.0
9018000;337.6
9028800;768.8
9039600;339.7
9050400;351.9
9061200;978.3
9072000;0.0
9082800;299.0
9093600;665.1
9104400;339.7
9115200;600.0
9126000;730.2
9136800;392.5
9147600;325.4
9158400;0.0
9169200;0.0
9180000;0.0
9190800;486.1
9201600;679.3
9212400;3240.0
9223200;610.2
9234000;134.2
9244800;0.0
9255600;0.0
9266400;677.3
9277200;203.4
9288000;595.9
9298800;787.1
9309600;217.6
9320400;54.9
9331200;0.0
9342000;0.0
9352800;718.0
9363600;1761.3
9374400;787.1
9385200;431.2
9396000;311.2
9406800;134.2
9417600;0.0
9428400;0.0
9439200;109.8
9450000;744.4
9460800;703.7
9471600;205.4
9482400;652.9
9493200;3050.8
9504000;0.0
9514800;0.0
9525600;567.5
9536400;351.9
9547200;394.6
9558000;516.6
9568800;827.8
9579600;191.2
9590400;0.0
9601200;0.0
9612000;26.4
9622800;829.8
9633600;286.8
9644400;394.6
9655200;229.8
9666000;215.6
9676800;0.0
9687600;203.4
9698400;433.2
9709200;622.4
9720000;555.3
9730800;380.3
9741600;624.4
9752400;349.8
9763200;0.0
9774000;0.0
9784800;0.0
9795600;179.0
9806400;1002.7
9817200;679.3
9828000;433.2
9838800;705.8
9849600;0.0
9860400;0.0
9871200;203.4
9882000;339.7
9892800;502.4
9903600;366.1
9914400;502.4
9925200;40.7
9936000;0.0
9946800;0.0
9957600;351.9
9968400;571.5
9979200;909.1
9990000;325.4
10000800;799.3
10011600;160.7
10022400;217.6
10033200;0.0
10044000;81.4
10054800;734.2
10065600;488.1
10076400;693.6
10087200;636.6
10098000;148.5
10108800;0.0
10119600;0.0
10130400;421.0
10141200;435.3
10152000;2751.9
10162800;557.3
10173600;296.9
10184400;636.6
10195200;0.0
10206000;0.0
10216800;26.4
10227600;473.9
10238400;608.1
10249200;408.8
10260000;829.8
10270800;571.5
10281600;0.0
10292400;406.8
10303200;909.1
10314000;3026.4
10324800;663.0
10335600;500.3
10346400;636.6
10357200;191.2
10368000;0.0
10378800;0.0
10389600;0.0
10400400;3130.2
10411200;421.0
10422000;203.4
10432800;693.6
10443600;339.7
10454400;0.0
10465200;0.0
10476000;311.2
10486800;270.5
10497600;258.3
10508400;526.8
10519200;416.9
10530000;311.2
10540800;0.0
10551600;0.0
10562400;313.2
10573200;191.2
10584000;270.5
10594800;557.3
10605600;421.0
10616400;258.3
10627200;14.2
10638000;0.0
10648800;801.4
10659600;978.3
10670400;366.1
10681200;337.6
10692000;624.4
10702800;394.6
10713600;0.0
10724400;0.0
10735200;162.7
10746000;514.6
10756800;311.2
10767600;406.8
10778400;1000.7
10789200;488.1
10800000;0.0
10810800;0.0
10821600;0.0
10832400;650.8
10843200;555.3
10854000;703.7
10864800;2182.4
10875600;366.1
10886400;0.0
10897200;107.8
10908000;866.4
10918800;473.9
10929600;634.6
10940400;718.0
10951200;854.2
10962000;311.2
10972800;0.0
10983600;0.0
10994400;0.0
11005200;217.6
11016000;2890.2
11026800;636.6
11037600;353.9
11048400;406.8
11059200;0.0
11070000;0.0
11080800;311.2
11091600;785.1
11102400;313.2
11113200;309.2
11124000;691.5
11134800;191.2
11145600;0.0
11156400;0.0
11167200;52.9
11178000;1586.4
11188800;650.8
11199600;583.7
11210400;390.5
11221200;203.4
11232000;0.0
11242800;0.0
11253600;203.4
11264400;463.7
11275200;718.0
11286000;502.4
11296800;488.1
11307600;2198.6
11318400;0.0
11329200;0.0
11340000;447.5
11350800;473.9
11361600;1082.0
11372400;514.6
11383200;473.9
11394000;81.4
11404800;0.0
11415600;0.0
11426400;0.0
11437200;1198.0
11448000;636.6
11458800;150.5
11469600;850.2
11480400;866.4
11491200;0.0
11502000;69.2
11512800;772.9
11523600;585.8
11534400;1505.1
11545200;341.7
11556000;1230.5
11566800;650.8
11577600;0.0
11588400;0.0
11599200;0.0
11610000;380.3
11620800;419.0
11631600;490.2
11642400;801.4
11653200;217.6
11664000;0.0
11674800;0.0
11685600;284.7
11696400;380.3
11707200;528.8
11718000;390.5
11728800;421.0
11739600;150.5
11750400;0.0
11761200;0.0
11772000;366.1
11782800;353.9
11793600;475.9
11804400;502.4
11815200;598.0
11826000;296.9
11836800;0.0
11847600;0.0
11858400;229.8
11869200;1071.9
11880000;478.0
11890800;787.1
11901600;746.4
11912400;650.8
11923200;0.0
11934000;0.0
11944800;543.0
11955600;164.7
11966400;390.5
11977200;461.7
11988000;2385.8
11998800;351.9
12009600;0.0
12020400;0.0
12031200;0.0
12042000;543.0
12052800;351.9
12063600;406.8
12074400;351.9
12085200;486.1
12096000;0.0
12106800;528.8
12117600;272.5
12128400;528.8
12139200;268.5
12150000;473.9
12160800;1057.6
12171600;150.5
12182400;0.0
12193200;0.0
12204000;0.0
12214800;351.9
12225600;366.1
12236400;992.5
12247200;219.7
12258000;351.9
12268800;0.0
12279600;0.0
12290400;244.1
12301200;842.0
12312000;368.1
12322800;567.5
12333600;392.5
12344400;14.2
12355200;0.0
12366000;0.0
12376800;311.2
12387600;555.3
12398400;463.7
12409200;813.6
12420000;353.9
12430800;162.7
12441600;14.2
12452400;0.0
12463200;459.7
12474000;368.1
12484800;1167.5
12495600;636.6
12506400;789.1
12517200;447.5
12528000;0.0
12538800;0.0
12549600;488.1
12560400;339.7
12571200;1911.9
12582000;1073.9
12592800;1045.4
12603600;270.5
12614400;0.0
12625200;0.0
12636000;14.2
12646800;746.4
12657600;459.7
12668400;555.3
12679200;166.8
12690000;327.5
12700800;0.0
12711600;191.2
12722400;650.8
12733200;842.0
12744000;471.9
12754800;868.5
12765600;421.0
12776400;555.3
12787200;0.0
12798000;0.0
12808800;0.0
12819600;339.7
12830400;299.0
12841200;1126.8
12852000;1126.8
12862800;231.9
12873600;0.0
12884400;0.0
12895200;475.9
12906000;408.8
12916800;512.5
12927600;423.0
12938400;567.5
12949200;148.5
12960000;0.0
12970800;0.0
12981600;28.5
12992400;423.0
13003200;636.6
13014000;787.1
13024800;720.0
13035600;40.7
13046400;14.2
13057200;0.0
13068000;284.7
13078800;406.8
13089600;636.6
13100400;567.5
13111200;543.0
13122000;136.3
13132800;0.0
13143600;0.0
13154400;229.8
13165200;557.3
13176000;366.1
13186800;109.8
13197600;502.4
13208400;203.4
13219200;0.0
13230000;0.0
13240800;26.4
13251600;935.6
13262400;378.3
13273200;325.4
13284000;787.1
13294800;325.4
13305600;0.0
13316400;162.7
13327200;52.9
13338000;2332.9
13348800;366.1
13359600;445.4
13370400;870.5
13381200;541.0
13392000;0.0
13402800;0.0
13413600;0.0
13424400;244.1
13435200;408.8
13446000;1220.3
13456800;500.3
13467600;799.3
13478400;0.0
13489200;0.0
13500000;502.4
13510800;475.9
13521600;461.7
13532400;366.1
13543200;435.3
13554000;528.8
13564800;0.0
13575600;0.0
13586400;325.4
13597200;809.5
13608000;339.7
13618800;311.2
13629600;648.8
13640400;14.2
13651200;0.0
13662000;0.0
13672800;148.5
13683600;274.6
13694400;1318.0
13705200;569.5
13716000;569.5
13726800;203.4
13737600;0.0
13748400;0.0
13759200;461.7
13770000;2239.3
13780800;433.2
13791600;2306.4
13802400;569.5
13813200;244.1
13824000;0.0
13834800;0.0
13845600;0.0
13856400;447.5
13867200;296.9
13878000;447.5
13888800;368.1
13899600;179.0
13910400;0.0
13921200;217.6
13932000;705.8
13942800;1136.9
13953600;231.9
13964400;419.0
13975200;640.7
13986000;1383.0
13996800;0.0
14007600;0.0
14018400;0.0
14029200;244.1
14040000;437.3
14050800;392.5
14061600;205.4
14072400;229.8
14083200;0.0
14094000;0.0
14104800;543.0
14115600;868.5
14126400;272.5
14137200;541.0
14148000;244.1
14158800;42.7
14169600;0.0
14180400;0.0
14191200;95.6
14202000;543.0
14212800;705.8
14223600;256.3
14234400;595.9
14245200;189.2
14256000;107.8
14266800;0.0
14277600;28.5
14288400;435.3
14299200;543.0
14310000;595.9
14320800;526.8
14331600;26.4
14342400;0.0
14353200;0.0
14364000;827.8
14374800;718.0
14385600;514.6
14396400;514.6
14407200;583.7
14418000;54.9
14428800;0.0
14439600;0.0
14450400;26.4
14461200;1277.3
14472000;433.2
14482800;579.7
14493600;608.1
14504400;122.0
14515200;0.0
14526000;353.9
14536800;801.4
14547600;459.7
14558400;390.5
14569200;500.3
14580000;583.7
14590800;81.4
14601600;0.0
14612400;0.0
14623200;0.0
14634000;3876.6
14644800;1558.0
14655600;880.7
14666400;463.7
14677200;689.5
14688000;0.0
14698800;0.0
14709600;624.4
14720400;368.1
14731200;272.5
14742000;244.1
14752800;502.4
14763600;258.3
14774400;0.0
14785200;0.0
14796000;203.4
14806800;217.6
14817600;421.0
14828400;258.3
14839200;229.8
14850000;229.8
14860800;26.4
14871600;0.0
14882400;246.1
14893200;770.8
14904000;949.8
14914800;107.8
14925600;392.5
14936400;246.1
14947200;0.0
14958000;0.0
14968800;325.4
14979600;1110.5
14990400;419.0
15001200;2493.5
15012000;1002.7
15022800;256.3
15033600;0.0
15044400;0.0
15055200;14.2
15066000;514.6
15076800;811.5
15087600;583.7
15098400;229.8
15109200;81.4
15120000;0.0
15130800;162.7
15141600;868.5
15152400;500.3
15163200;573.6
15174000;880.7
15184800;744.4
15195600;174.9
15206400;0.0
15217200;0.0
15228000;0.0
15238800;421.0
15249600;553.2
15260400;734.2
15271200;1029.1
15282000;380.3
15292800;0.0
15303600;0.0
15314400;1259.0
15325200;585.8
15336000;772.9
15346800;882.7
15357600;571.5
15368400;109.8
15379200;0.0
15390000;0.0
15400800;0.0
15411600;679.3
15422400;665.1
15433200;557.3
15444000;652.9
15454800;419.0
15465600;189.2
15476400;0.0
15487200;516.6
15498000;461.7
15508800;311.2
15519600;349.8
15530400;380.3
15541200;813.6
15552000;0.0
15562800;0.0
15573600;69.2
15584400;1084.1
15595200;868.5
15606000;646.8
15616800;337.6
15627600;284.7
15638400;0.0
15649200;0.0
15660000;0.0
15670800;488.1
15681600;475.9
15692400;315.3
15703200;435.3
15714000;583.7
15724800;0.0
15735600;81.4
15746400;406.8
15757200;1088.1
15768000;801.4
15778800;433.2
15789600;187.1
15800400;636.6
15811200;0.0
15822000;0.0
15832800;0.0
15843600;83.4
15854400;286.8
15865200;1358.6
15876000;311.2
15886800;705.8
15897600;0.0
15908400;0.0
15919200;231.9
15930000;231.9
15940800;677.3
15951600;449.5
15962400;419.0
15973200;67.1
15984000;0.0
15994800;0.0
16005600;174.9
16016400;636.6
16027200;707.8
16038000;638.6
16048800;650.8
16059600;219.7
16070400;52.9
16081200;0.0
16092000;148.5
16102800;665.1
16113600;370.2
16124400;122.0
16135200;1315.9
16146000;557.3
16156800;0.0
16167600;0.0
16178400;272.5
16189200;1163.4
16200000;827.8
16210800;299.0
16221600;772.9
16232400;93.6
16243200;0.0
16254000;0.0
16264800;0.0
16275600;14.2
16286400;744.4
16297200;201.4
16308000;677.3
16318800;785.1
16329600;0.0
16340400;449.5
16351200;488.1
16362000;1210.2
16372800;718.0
16383600;233.9
16394400;760.7
16405200;258.3
16416000;0.0
16426800;0.0
16437600;0.0
16448400;337.6
16459200;595.9
16470000;732.2
16480800;815.6
16491600;419.0
16502400;0.0
16513200;0.0
16524000;431.2
16534800;368.1
16545600;892.9
16556400;661.0
16567200;650.8
16578000;14.2
16588800;0.0
16599600;0.0
16610400;26.4
16621200;205.4
16632000;366.1
16642800;1000.7
16653600;612.2
16664400;176.9
16675200;54.9
16686000;0.0
16696800;286.8
16707600;638.6
16718400;663.0
16729200;581.7
16740000;179.0
16750800;636.6
16761600;0.0
16772400;0.0
16783200;437.3
16794000;244.1
16804800;380.3
16815600;598.0
16826400;744.4
16837200;40.7
16848000;0.0
16858800;0.0
16869600;0.0
16880400;368.1
16891200;421.0
16902000;730.2
16912800;813.6
16923600;67.1
16934400;0.0
16945200;217.6
16956000;390.5
16966800;233.9
16977600;2792.5
16988400;364.1
16999200;473.9
17010000;351.9
17020800;0.0
17031600;0.0
17042400;0.0
17053200;2249.5
17064000;583.7
17074800;691.5
17085600;272.5
17096400;311.2
17107200;0.0
17118000;0.0
17128800;229.8
17139600;258.3
17150400;475.9
17161200;473.9
17172000;380.3
17182800;138.3
17193600;0.0
17204400;0.0
17215200;107.8
17226000;545.1
17236800;419.0
17247600;325.4
17258400;337.6
17269200;648.8
17280000;0.0
17290800;0.0
17301600;109.8
17312400;5235.2
17323200;258.3
17334000;813.6
17344800;227.8
17355600;217.6
17366400;0.0
17377200;0.0
17388000;541.0
17398800;567.5
17409600;612.2
17420400;693.6
17431200;419.0
17442000;313.2
17452800;0.0
17463600;0.0
17474400;0.0
17485200;284.7
17496000;813.6
17506800;164.7
17517600;392.5
17528400;595.9
17539200;0.0
17550000;258.3
17560800;325.4
17571600;362.0
17582400;311.2
17593200;311.2
17604000;231.9
17614800;258.3
17625600;0.0
17636400;0.0
17647200;0.0
17658000;406.8
17668800;343.7
17679600;1002.7
17690400;595.9
17701200;789.1
17712000;0.0
17722800;0.0
17733600;353.9
17744400;746.4
17755200;598.0
17766000;595.9
17776800;162.7
17787600;79.3
17798400;0.0
17809200;0.0
17820000;148.5
17830800;774.9
17841600;93.6
17852400;392.5
17863200;774.9
17874000;299.0
17884800;107.8
17895600;0.0
17906400;229.8
17917200;530.8
17928000;677.3
17938800;174.9
17949600;256.3
17960400;327.5
17971200;0.0
17982000;0.0
17992800;286.8
18003600;174.9
18014400;825.8
18025200;730.2
18036000;720.0
18046800;244.1
18057600;0.0
18068400;0.0
18079200;0.0
18090000;229.8
18100800;1529.5
18111600;516.6
18122400;486.1
18133200;504.4
18144000;0.0
18154800;42.7
18165600;2699.0
18176400;530.8
18187200;636.6
18198000;787.1
18208800;419.0
18219600;229.8
18230400;0.0
18241200;0.0
18252000;0.0
18262800;459.7
18273600;327.5
18284400;378.3
18295200;447.5
18306000;231.9
18316800;0.0
18327600;0.0
18338400;516.6
18349200;380.3
18360000;284.7
18370800;461.7
18381600;461.7
18392400;217.6
18403200;0.0
18414000;0.0
18424800;270.5
18435600;459.7
18446400;406.8
18457200;423.0
18468000;583.7
18478800;81.4
18489600;52.9
18500400;0.0
18511200;40.7
18522000;758.6
18532800;581.7
18543600;313.2
18554400;394.6
18565200;351.9
18576000;0.0
18586800;0.0
18597600;1220.3
18608400;327.5
18619200;827.8
18630000;229.8
18640800;646.8
18651600;217.6
18662400;0.0
18673200;0.0
18684000;0.0
18694800;638.6
18705600;1220.3
18716400;364.1
18727200;1259.0
18738000;880.7
18748800;0.0
18759600;284.7
18770400;585.8
18781200;539.0
18792000;445.4
18802800;364.1
18813600;691.5
18824400;191.2
18835200;0.0
18846000;0.0
18856800;0.0
18867600;909.1
18878400;459.7
18889200;1031.2
18900000;189.2
18910800;638.6
18921600;0.0
18932400;0.0
18943200;392.5
18954000;219.7
18964800;203.4
18975600;449.5
18986400;756.6
18997200;93.6
19008000;0.0
19018800;0.0
19029600;0.0
19040400;1572.2
19051200;366.1
19062000;610.2
19072800;823.7
19083600;203.4
19094400;40.7
19105200;0.0
19116000;339.7
19126800;583.7
19137600;1041.4
19148400;557.3
19159200;1059.7
19170000;595.9
19180800;0.0
19191600;0.0
19202400;270.5
19213200;325.4
19224000;528.8
19234800;146.4
19245600;353.9
19256400;679.3
19267200;0.0
19278000;0.0
19288800;0.0
19299600;650.8
19310400;827.8
19321200;907.1
19332000;1494.9
19342800;2129.5
19353600;0.0
19364400;134.2
19375200;528.8
19386000;435.3
19396800;528.8
19407600;406.8
19418400;705.8
19429200;270.5
19440000;0.0
19450800;0.0
19461600;0.0
19472400;325.4
19483200;569.5
19494000;408.8
19504800;608.1
19515600;203.4
19526400;0.0
19537200;0.0
19548000;486.1
19558800;583.7
19569600;703.7
19580400;217.6
19591200;744.4
19602000;40.7
19612800;0.0
19623600;0.0
19634400;81.4
19645200;1399.3
19656000;335.6
19666800;732.2
19677600;258.3
19688400;217.6
19699200;95.6
19710000;0.0
19720800;203.4
19731600;2794.6
19742400;679.3
19753200;105.8
19764000;337.6
19774800;282.7
19785600;0.0
19796400;0.0
19807200;282.7
19818000;256.3
19828800;610.2
19839600;327.5
19850400;787.1
19861200;107.8
19872000;0.0
19882800;0.0
19893600;14.2
19904400;976.3
19915200;244.1
19926000;486.1
19936800;392.5
19947600;598.0
19958400;0.0
19969200;54.9
19980000;419.0
19990800;1126.8
20001600;311.2
20012400;366.1
20023200;299.0
20034000;691.5
20044800;0.0
20055600;0.0
20066400;0.0
20077200;2428.5
20088000;313.2
20098800;787.1
20109600;892.9
20120400;150.5
20131200;0.0
20142000;0.0
20152800;1029.1
20163600;475.9
20174400;150.5
20185200;189.2
20196000;691.5
20206800;406.8
20217600;0.0
20228400;0.0
20239200;0.0
20250000;109.8
20260800;648.8
20271600;179.0
20282400;949.8
20293200;122.0
20304000;189.2
20314800;0.0
20325600;122.0
20336400;2048.1
20347200;473.9
20358000;677.3
20368800;545.1
20379600;423.0
20390400;0.0
20401200;0.0
20412000;583.7
20422800;746.4
20433600;294.9
20444400;1114.6
20455200;663.0
20466000;81.4
20476800;0.0
20487600;0.0
20498400;0.0
20509200;337.6
20520000;610.2
20530800;150.5
20541600;758.6
20552400;109.8
20563200;0.0
20574000;272.5
20584800;478.0
20595600;530.8
20606400;311.2
20617200;461.7
20628000;1381.0
20638800;732.2
20649600;0.0
20660400;0.0
20671200;0.0
20682000;203.4
20692800;2656.3
20703600;567.5
20714400;1177.6
20725200;366.1
20736000;0.0
20746800;0.0
20757600;541.0
20768400;394.6
20779200;612.2
20790000;2373.5
20800800;665.1
20811600;107.8
20822400;0.0
20833200;0.0
20844000;272.5
20854800;404.7
20865600;473.9
20876400;258.3
20887200;665.1
20898000;40.7
20908800;0.0
20919600;0.0
20930400;95.6
20941200;1031.2
20952000;309.2
20962800;502.4
20973600;691.5
20984400;921.4
20995200;0.0
21006000;0.0
21016800;244.1
21027600;866.4
21038400;687.5
21049200;622.4
21060000;1854.9
21070800;270.5
21081600;0.0
21092400;0.0
21103200;14.2
21114000;785.1
21124800;703.7
21135600;380.3
21146400;1004.7
21157200;2005.4
21168000;0.0
21178800;299.0
21189600;244.1
21200400;327.5
21211200;392.5
21222000;311.2
21232800;463.7
21243600;176.9
21254400;0.0
21265200;0.0
21276000;0.0
21286800;1193.9
21297600;339.7
21308400;431.2
21319200;622.4
21330000;353.9
21340800;0.0
21351600;0.0
21362400;974.2
21373200;353.9
21384000;463.7
21394800;325.4
21405600;339.7
21416400;148.5
21427200;0.0
21438000;0.0
21448800;351.9
21459600;1574.2
21470400;421.0
21481200;514.6
21492000;459.7
21502800;313.2
21513600;189.2
21524400;0.0
21535200;95.6
21546000;854.2
21556800;459.7
21567600;571.5
21578400;366.1
21589200;475.9
21600000;0.0
21610800;0.0
21621600;136.3
21632400;2141.7
21643200;433.2
21654000;543.0
21664800;543.0
21675600;203.4
21686400;0.0
21697200;0.0
21708000;0.0
21718800;433.2
21729600;921.4
21740400;392.5
21751200;394.6
21762000;83.4
21772800;0.0
21783600;244.1
21794400;608.1
21805200;624.4
21816000;772.9
21826800;612.2
21837600;595.9
21848400;203.4
21859200;0.0
21870000;0.0
21880800;0.0
21891600;461.7
21902400;880.7
21913200;744.4
21924000;516.6
21934800;392.5
21945600;0.0
21956400;0.0
21967200;162.7
21978000;748.5
21988800;545.1
21999600;677.3
22010400;390.5
22021200;339.7
22032000;0.0
22042800;0.0
22053600;134.2
22064400;325.4
22075200;974.2
22086000;530.8
22096800;419.0
22107600;215.6
22118400;26.4
22129200;0.0
22140000;229.8
22150800;1340.3
22161600;138.3
22172400;461.7
22183200;378.3
22194000;176.9
22204800;0.0
22215600;0.0
22226400;215.6
22237200;475.9
22248000;353.9
22258800;528.8
22269600;543.0
22280400;0.0
22291200;0.0
22302000;0.0
22312800;0.0
22323600;191.2
22334400;187.1
22345200;475.9
22356000;1340.3
22366800;459.7
22377600;0.0
22388400;107.8
22399200;744.4
22410000;327.5
22420800;246.1
22431600;705.8
22442400;461.7
22453200;394.6
22464000;0.0
22474800;0.0
22485600;0.0
22496400;1031.2
22507200;136.3
22518000;2764.1
22528800;406.8
22539600;219.7
22550400;0.0
22561200;0.0
22572000;2143.7
22582800;718.0
22593600;774.9
22604400;571.5
22615200;2509.8
22626000;69.2
22636800;0.0
22647600;0.0
22658400;162.7
22669200;530.8
22680000;964.1
22690800;294.9
22701600;473.9
22712400;272.5
22723200;176.9
22734000;0.0
22744800;296.9
22755600;1031.2
22766400;825.8
22777200;1016.9
22788000;109.8
22798800;258.3
22809600;0.0
22820400;0.0
22831200;40.7
22842000;528.8
22852800;593.9
22863600;665.1
22874400;392.5
22885200;368.1
22896000;0.0
22906800;0.0
22917600;107.8
22928400;394.6
22939200;296.9
22950000;189.2
22960800;150.5
22971600;689.5
22982400;0.0
22993200;162.7
23004000;176.9
23014800;311.2
23025600;488.1
23036400;543.0
23047200;772.9
23058000;638.6
23068800;0.0
23079600;0.0
23090400;0.0
23101200;270.5
23112000;689.5
23122800;459.7
23133600;421.0
23144400;473.9
23155200;0.0
23166000;0.0
23176800;2332.9
23187600;447.5
23198400;162.7
23209200;691.5
23220000;435.3
23230800;189.2
23241600;0.0
23252400;0.0
23263200;52.9
23274000;772.9
23284800;746.4
23295600;390.5
23306400;368.1
23317200;203.4
23328000;54.9
23338800;0.0
23349600;26.4
23360400;581.7
23371200;351.9
23382000;679.3
23392800;473.9
23403600;421.0
23414400;0.0
23425200;0.0
23436000;366.1
23446800;3022.4
23457600;868.5
23468400;813.6
23479200;315.3
23490000;353.9
23500800;0.0
23511600;0.0
23522400;0.0
23533200;650.8
23544000;282.7
23554800;681.4
23565600;162.7
23576400;337.6
23587200;0.0
23598000;231.9
23608800;1259.0
23619600;242.0
23630400;339.7
23641200;543.0
23652000;626.4
23662800;286.8
23673600;0.0
23684400;0.0
23695200;0.0
23706000;284.7
23716800;813.6
23727600;935.6
23738400;543.0
23749200;502.4
23760000;0.0
23770800;0.0
23781600;150.5
23792400;136.3
23803200;557.3
23814000;583.7
23824800;392.5
23835600;52.9
23846400;0.0
23857200;0.0
23868000;14.2
23878800;665.1
23889600;530.8
23900400;799.3
23911200;667.1
23922000;148.5
23932800;26.4
23943600;0.0
23954400;109.8
23965200;406.8
23976000;2861.7
23986800;134.2
23997600;309.2
24008400;325.4
24019200;0.0
24030000;0.0
24040800;258.3
24051600;189.2
24062400;622.4
24073200;313.2
24084000;583.7
24094800;258.3
24105600;0.0
24116400;0.0
24127200;0.0
24138000;120.0
24148800;569.5
24159600;368.1
24170400;423.0
24181200;325.4
24192000;0.0
24202800;299.0
24213600;191.2
24224400;882.7
24235200;825.8
24246000;593.9
24256800;705.8
24267600;351.9
24278400;0.0
24289200;0.0
24300000;0.0
24310800;528.8
24321600;475.9
24332400;691.5
24343200;284.7
24354000;732.2
24364800;0.0
24375600;0.0
24386400;1100.3
24397200;530.8
24408000;366.1
24418800;138.3
24429600;284.7
24440400;67.1
24451200;0.0
24462000;0.0
24472800;26.4
24483600;335.6
24494400;746.4
24505200;258.3
24516000;595.9
24526800;272.5
24537600;40.7
24548400;0.0
24559200;26.4
24570000;392.5
24580800;445.4
24591600;665.1
24602400;351.9
24613200;294.9
24624000;0.0
24634800;0.0
24645600;419.0
24656400;380.3
24667200;378.3
24678000;541.0
24688800;488.1
24699600;217.6
24710400;0.0
24721200;0.0
24732000;0.0
24742800;378.3
24753600;217.6
24764400;583.7
24775200;1057.6
24786000;608.1
24796800;0.0
24807600;475.9
24818400;309.2
24829200;665.1
24840000;351.9
24850800;2438.6
24861600;612.2
24872400;595.9
24883200;0.0
24894000;0.0
24904800;0.0
24915600;435.3
24926400;543.0
24937200;54.9
24948000;162.7
24958800;162.7
24969600;0.0
24980400;0.0
24991200;514.6
25002000;610.2
25012800;248.1
25023600;299.0
25034400;500.3
25045200;229.8
25056000;0.0
25066800;0.0
25077600;124.1
25088400;650.8
25099200;838.0
25110000;502.4
25120800;447.5
25131600;2033.9
25142400;203.4
25153200;0.0
25164000;136.3
25174800;636.6
25185600;813.6
25196400;703.7
25207200;3158.6
25218000;447.5
25228800;0.0
25239600;0.0
25250400;490.2
25261200;2412.2
25272000;610.2
25282800;461.7
25293600;528.8
25304400;67.1
25315200;0.0
25326000;0.0
25336800;0.0
25347600;378.3
25358400;164.7
25369200;557.3
25380000;433.2
25390800;299.0
25401600;0.0
25412400;26.4
25423200;337.6
25434000;256.3
25444800;244.1
25455600;299.0
25466400;461.7
25477200;612.2
25488000;0.0
25498800;0.0
25509600;0.0
25520400;595.9
25531200;475.9
25542000;1057.6
25552800;1275.2
25563600;148.5
25574400;0.0
25585200;0.0
25596000;284.7
25606800;54.9
25617600;150.5
25628400;408.8
25639200;746.4
25650000;215.6
25660800;0.0
25671600;0.0
25682400;14.2
25693200;270.5
25704000;799.3
25714800;416.9
25725600;797.3
25736400;486.1
25747200;162.7
25758000;0.0
25768800;124.1
25779600;555.3
25790400;679.3
25801200;787.1
25812000;215.6
25822800;0.0
25833600;0.0
25844400;0.0
25855200;327.5
25866000;829.8
25876800;486.1
25887600;447.5
25898400;705.8
25909200;203.4
25920000;0.0
25930800;0.0
25941600;0.0
25952400;311.2
25963200;557.3
25974000;447.5
25984800;296.9
25995600;339.7
26006400;0.0
26017200;270.5
26028000;368.1
26038800;787.1
26049600;960.0
26060400;244.1
26071200;868.5
26082000;69.2
26092800;0.0
26103600;0.0
26114400;0.0
26125200;1952.5
26136000;1069.8
26146800;339.7
26157600;677.3
26168400;176.9
26179200;0.0
26190000;0.0
26200800;583.7
26211600;624.4
26222400;598.0
26233200;229.8
26244000;313.2
26254800;26.4
26265600;0.0
26276400;0.0
26287200;14.2
26298000;569.5
26308800;545.1
26319600;270.5
26330400;1193.9
26341200;296.9
26352000;26.4
26362800;0.0
26373600;95.6
26384400;378.3
26395200;296.9
26406000;516.6
26416800;124.1
26427600;368.1
26438400;0.0
26449200;0.0
26460000;608.1
26470800;689.5
26481600;703.7
26492400;404.7
26503200;150.5
26514000;54.9
26524800;0.0
26535600;0.0
26546400;0.0
26557200;311.2
26568000;191.2
26578800;242.0
26589600;473.9
26600400;296.9
26611200;0.0
26622000;176.9
26632800;585.8
26643600;284.7
26654400;404.7
26665200;502.4
26676000;404.7
26686800;665.1
26697600;0.0
26708400;0.0
26719200;0.0
26730000;231.9
26740800;909.1
26751600;856.3
26762400;557.3
26773200;949.8
26784000;0.0
26794800;0.0
26805600;3524.7
26816400;545.1
26827200;337.6
26838000;555.3
26848800;514.6
26859600;272.5
26870400;0.0
26881200;0.0
26892000;176.9
26902800;380.3
26913600;1126.8
26924400;882.7
26935200;419.0
26946000;488.1
26956800;26.4
26967600;0.0
26978400;79.3
26989200;703.7
27000000;325.4
27010800;473.9
27021600;634.6
27032400;203.4
27043200;0.0
27054000;0.0
27064800;478.0
27075600;488.1
27086400;541.0
27097200;677.3
27108000;964.1
27118800;2560.7
27129600;0.0
27140400;0.0
27151200;26.4
27162000;473.9
27172800;567.5
27183600;1045.4
27194400;541.0
27205200;136.3
27216000;0.0
27226800;150.5
27237600;339.7
27248400;679.3
27259200;421.0
27270000;715.9
27280800;569.5
27291600;421.0
27302400;0.0
27313200;0.0
27324000;0.0
27334800;339.7
27345600;380.3
27356400;313.2
27367200;785.1
27378000;164.7
27388800;0.0
27399600;0.0
27410400;421.0
27421200;488.1
27432000;109.8
27442800;772.9
27453600;502.4
27464400;272.5
27475200;0.0
27486000;0.0
27496800;107.8
27507600;2375.6
27518400;339.7
27529200;610.2
27540000;872.5
27550800;203.4
27561600;52.9
27572400;0.0
27583200;107.8
27594000;785.1
27604800;610.2
27615600;650.8
27626400;530.8
27637200;598.0
27648000;0.0
27658800;0.0
27669600;351.9
27680400;421.0
27691200;488.1
27702000;638.6
27712800;1368.8
27723600;95.6
27734400;0.0
27745200;0.0
27756000;14.2
27766800;311.2
27777600;626.4
27788400;313.2
27799200;244.1
27810000;2481.3
27820800;0.0
27831600;341.7
27842400;825.8
27853200;978.3
27864000;679.3
27874800;2755.9
27885600;1802.0
27896400;423.0
27907200;0.0
27918000;0.0
27928800;0.0
27939600;394.6
27950400;244.1
27961200;1031.2
27972000;545.1
27982800;595.9
27993600;0.0
28004400;0.0
28015200;366.1
28026000;368.1
28036800;500.3
28047600;484.1
28058400;134.2
28069200;67.1
28080000;0.0
28090800;0.0
28101600;69.2
28112400;148.5
28123200;541.0
28134000;138.3
28144800;528.8
28155600;421.0
28166400;189.2
28177200;0.0
28188000;148.5
28198800;827.8
28209600;339.7
28220400;528.8
28231200;176.9
28242000;353.9
28252800;0.0
28263600;0.0
28274400;392.5
28285200;242.0
28296000;610.2
28306800;286.8
28317600;394.6
28328400;136.3
28339200;0.0
28350000;0.0
28360800;14.2
28371600;1033.2
28382400;244.1
28393200;274.6
28404000;490.2
28414800;746.4
28425600;0.0
28436400;325.4
28447200;829.8
28458000;899.0
28468800;500.3
28479600;231.9
28490400;1246.8
28501200;136.3
28512000;0.0
28522800;0.0
28533600;0.0
28544400;229.8
28555200;122.0
28566000;610.2
28576800;325.4
28587600;555.3
28598400;0.0
28609200;0.0
28620000;376.3
28630800;421.0
28641600;512.5
28652400;622.4
28663200;435.3
28674000;14.2
28684800;0.0
28695600;0.0
28706400;122.0
28717200;419.0
28728000;677.3
28738800;894.9
28749600;270.5
28760400;52.9
28771200;136.3
28782000;0.0
28792800;4732.9
28803600;463.7
28814400;921.4
28825200;748.5
28836000;2168.1
28846800;272.5
28857600;0.0
28868400;0.0
28879200;284.7
28890000;242.0
28900800;758.6
28911600;502.4
28922400;242.0
28933200;270.5
28944000;0.0
28954800;0.0
28965600;26.4
28976400;461.7
28987200;758.6
28998000;581.7
29008800;1411.5
29019600;760.7
29030400;0.0
29041200;270.5
29052000;160.7
29062800;323.4
29073600;435.3
29084400;528.8
29095200;339.7
29106000;217.6
29116800;0.0
29127600;0.0
29138400;0.0
29149200;272.5
29160000;421.0
29170800;1059.7
29181600;693.6
29192400;598.0
29203200;0.0
29214000;0.0
29224800;1043.4
29235600;325.4
29246400;189.2
29257200;435.3
29268000;490.2
29278800;69.2
29289600;0.0
29300400;0.0
29311200;67.1
29322000;122.0
29332800;1112.5
29343600;909.1
29354400;445.4
29365200;203.4
29376000;54.9
29386800;0.0
29397600;134.2
29408400;758.6
29419200;406.8
29430000;703.7
29440800;461.7
29451600;296.9
29462400;0.0
29473200;0.0
29484000;799.3
29494800;583.7
29505600;69.2
29516400;244.1
29527200;227.8
29538000;203.4
29548800;0.0
29559600;0.0
29570400;0.0
29581200;1966.8
29592000;256.3
29602800;964.1
29613600;502.4
29624400;2574.9
29635200;0.0
29646000;67.1
29656800;718.0
29667600;768.8
29678400;122.0
29689200;408.8
29700000;1151.2
29710800;284.7
29721600;0.0
29732400;0.0
29743200;0.0
29754000;215.6
29764800;311.2
29775600;256.3
29786400;677.3
29797200;231.9
29808000;0.0
29818800;0.0
29829600;193.2
29840400;433.2
29851200;380.3
29862000;296.9
29872800;419.0
29883600;2088.8
29894400;0.0
29905200;0.0
29916000;81.4
29926800;148.5
29937600;677.3
29948400;528.8
29959200;382.4
29970000;242.0
29980800;26.4
29991600;0.0
30002400;14.2
30013200;569.5
30024000;813.6
30034800;1179.7
30045600;296.9
30056400;162.7
30067200;0.0
30078000;0.0
30088800;325.4
30099600;772.9
30110400;351.9
30121200;1014.9
30132000;528.8
30142800;109.8
30153600;0.0
30164400;0.0
30175200;95.6
30186000;569.5
30196800;2265.8
30207600;349.8
30218400;246.1
30229200;162.7
30240000;0.0
30250800;351.9
30261600;272.5
30272400;636.6
30283200;772.9
30294000;272.5
30304800;1248.8
30315600;95.6
30326400;0.0
30337200;0.0
30348000;0.0
30358800;447.5
30369600;691.5
30380400;583.7
30391200;677.3
30402000;351.9
30412800;0.0
30423600;0.0
30434400;339.7
30445200;720.0
30456000;272.5
30466800;473.9
30477600;718.0
30488400;122.0
30499200;0.0
30510000;0.0
30520800;26.4
30531600;703.7
30542400;447.5
30553200;461.7
30564000;433.2
30574800;42.7
30585600;26.4
30596400;0.0
30607200;514.6
30618000;2902.4
30628800;1464.4
30639600;189.2
30650400;392.5
30661200;541.0
30672000;0.0
30682800;0.0
30693600;2713.2
30704400;431.2
30715200;801.4
30726000;608.1
30736800;1370.8
30747600;526.8
30758400;0.0
30769200;0.0
30780000;380.3
30790800;2062.4
30801600;703.7
30812400;433.2
30823200;799.3
30834000;231.9
30844800;0.0
30855600;26.4
30866400;815.6
30877200;1318.0
30888000;325.4
30898800;528.8
30909600;215.6
30920400;258.3
30931200;0.0
30942000;0.0
30952800;0.0
30963600;339.7
30974400;231.9
30985200;990.5
30996000;1859.0
31006800;256.3
31017600;0.0
31028400;0.0
31039200;93.6
31050000;720.0
31060800;500.3
31071600;162.7
31082400;366.1
31093200;122.0
31104000;0.0
31114800;0.0
31125600;176.9
31136400;215.6
31147200;797.3
31158000;2522.0
31168800;636.6
31179600;189.2
31190400;14.2
31201200;0.0
31212000;26.4
31222800;636.6
31233600;461.7
31244400;217.6
31255200;882.7
31266000;313.2
31276800;0.0
31287600;0.0
31298400;532.9
31309200;2532.2
31320000;612.2
31330800;3118.0
31341600;650.8
31352400;54.9
31363200;0.0
31374000;0.0
31384800;0.0
31395600;325.4
31406400;282.7
31417200;286.8
31428000;416.9
31438800;514.6
31449600;0.0
31460400;189.2
31471200;842.0
31482000;327.5
31492800;545.1
31503600;351.9
31514400;1356.6
31525200;122.0
